  5.566555e-01
  4.896161e-01
  4.715690e-01
  4.722941e-01
  4.539030e-01
  4.218102e-01
  3.871680e-01
  3.471045e-01
  3.266669e-01
  3.126979e-01
  2.943946e-01
  2.841294e-01
  2.786103e-01
  2.630886e-01
  2.740155e-01
  2.862725e-01
  3.222061e-01
  3.343751e-01
  3.512460e-01
  3.395511e-01
  3.089634e-01
  2.872700e-01
  2.699167e-01
  2.651053e-01
  2.628370e-01
  2.575965e-01
  2.630145e-01
  2.726308e-01
  3.109219e-01
  3.519130e-01
  4.288502e-01
  5.282532e-01
  5.813769e-01
  5.650912e-01
  5.822642e-01
  6.727335e-01
