   1.2426126e+00
   2.9761038e+00
   4.8752441e+00
   6.2421031e+00
   7.1574512e+00
   7.8754778e+00
   8.3128176e+00
   8.0072412e+00
   6.5146480e+00
   5.0712357e+00
   3.6165338e+00
   2.1364307e+00
   1.2830935e+00
   1.0207967e+00
   1.2674111e+00
   1.8825163e+00
   2.5265033e+00
   3.0000994e+00
   3.1975875e+00
   3.0462615e+00
   2.3977478e+00
   1.3321650e+00
   7.0517566e-03
  -1.6160011e+00
  -2.9691682e+00
  -3.5301383e+00
  -3.2653053e+00
  -2.2452087e+00
  -4.9596870e-01
   1.6556360e+00
   3.8275239e+00
   5.4242802e+00
   5.7022948e+00
   4.2557144e+00
   2.2104833e+00
   9.3974835e-01
   1.2310648e+00
   3.2701397e+00
   4.1922355e+00
   3.7009711e+00
   3.1831257e+00
   3.5782855e+00
   3.9677787e+00
   3.1193457e+00
   1.5849414e+00
   4.4738945e-01
   1.2678936e-01
   4.3765730e-01
   8.8336146e-01
   1.1256552e+00
   1.2421126e+00
   1.5801587e+00
   1.7444328e+00
   1.2740029e+00
   5.4562294e-01
   1.0756698e-01
  -1.0535609e-02
   2.6544288e-01
   9.7435093e-01
   1.5960486e+00
   1.7136686e+00
   1.7149670e+00
   1.9278522e+00
   2.2338669e+00
   2.5557525e+00
   2.8887198e+00
   3.8847995e+00
   5.7344136e+00
   7.1094561e+00
   5.8362360e+00
   2.7745767e+00
   7.3026812e-01
  -7.9219306e-01
  -4.4256520e-01
  -4.1960749e-01
  -6.8534184e-01
  -3.9828357e-01
   8.7881798e-01
   1.7142024e+00
   9.7881556e-01
  -1.1838202e-01
  -5.0898337e-01
  -3.4171289e-01
  -2.5826052e-01
  -3.5730299e-01
  -6.1003667e-01
  -8.5806316e-01
  -2.9478809e-01
   2.8951699e-01
  -2.9308599e-01
  -9.0188855e-01
  -4.2104608e-01
  -3.5288689e-01
  -2.9823738e-01
   8.0958879e-01
   1.9063480e+00
   1.5172467e+00
   4.4782990e-01
  -1.6079165e-01
  -5.8798984e-02
   2.3570898e-01
  -9.8067775e-02
  -3.8765568e-01
   5.6473547e-01
   2.3548679e+00
   2.6235969e+00
   9.6387088e-01
  -5.3419381e-01
  -3.4506736e+00
  -3.7186599e+00
  -3.0667076e+00
  -2.3250432e+00
  -1.9791521e+00
  -1.5259435e+00
  -1.0819889e+00
  -1.1530904e+00
  -1.5879900e+00
  -2.0651798e+00
  -2.1382694e+00
  -1.8942086e+00
  -1.4869752e+00
  -9.1125822e-01
  -9.2382860e-01
  -8.1511939e-01
  -6.5948862e-01
  -2.0080564e+00
  -2.8088403e+00
  -1.1192361e+00
  -3.3653829e-01
  -4.0664744e-01
   4.5717928e-01
   1.0359073e+00
   3.9065671e-01
  -6.3439691e-01
  -1.4021976e+00
  -1.5953730e+00
  -1.5538990e+00
  -1.7182969e+00
  -1.9738744e+00
  -1.7905899e+00
  -1.1710494e+00
  -1.1426029e+00
  -1.9881761e+00
  -2.8464375e+00
  -3.6629219e+00
  -3.6070189e+00
  -2.7291176e+00
  -2.1608186e+00
  -2.0103951e+00
  -1.7982243e+00
  -1.6251653e+00
  -1.4733976e+00
  -2.0302308e+00
  -3.1273148e+00
  -3.3261817e+00
  -2.6023021e+00
  -1.9058050e+00
  -9.4635141e-01
  -1.0070323e+00
  -1.6667336e+00
  -1.7554760e+00
  -2.8203270e+00
  -3.2275815e+00
  -1.3281851e+00
  -4.1535830e-01
  -2.2032879e-01
   3.7327483e-01
  -5.3971659e-02
  -7.0666504e-01
  -1.3056055e+00
  -2.2027066e+00
  -2.5654066e+00
  -2.5754664e+00
  -2.3295882e+00
  -1.8936357e+00
  -1.6598144e+00
  -1.8823860e+00
  -2.4209447e+00
  -2.9628792e+00
  -3.3602743e+00
  -2.6917667e+00
  -2.1848927e+00
  -1.6768638e+00
  -1.7339001e+00
  -1.4757197e+00
  -9.6969402e-01
  -1.1461344e+00
  -1.2662866e+00
  -1.8971385e+00
  -2.6426473e+00
  -2.6150560e+00
  -1.9647453e+00
  -1.6720335e+00
  -1.0849814e+00
  -1.2347386e+00
  -2.0366206e+00
  -2.0607591e+00
  -2.1751792e+00
  -1.7521616e+00
  -6.6681260e-01
  -2.9905832e-01
  -1.1683703e-01
   1.7647007e-01
  -8.4533101e-01
  -1.5669688e+00
  -2.2330618e+00
  -3.0973938e+00
  -2.8059802e+00
  -2.4307647e+00
  -2.1948621e+00
  -1.7787116e+00
  -1.5020839e+00
  -1.8180165e+00
  -2.3931873e+00
  -2.6926970e+00
  -2.7993920e+00
  -1.4816910e+00
  -5.6581187e-01
  -4.7351536e-01
  -8.4612370e-01
  -5.7987112e-01
  -2.5303724e-01
  -8.1303209e-01
  -1.0586332e+00
  -1.5382184e+00
  -1.6178243e+00
  -1.5261136e+00
  -1.1707594e+00
  -1.2221805e+00
  -9.8760486e-01
  -1.1002997e+00
  -1.7040182e+00
  -1.7024487e+00
  -9.7330034e-01
   1.1550676e-01
   4.8967965e-02
  -6.0354739e-02
  -1.6402288e-01
  -1.9072323e-01
  -1.2429962e+00
  -1.9544861e+00
  -2.6373453e+00
  -2.8962657e+00
  -1.7696350e+00
  -1.4897287e+00
  -1.7330899e+00
  -1.7637661e+00
  -1.4580865e+00
  -1.5667397e+00
  -1.9789146e+00
  -2.0382586e+00
  -1.9579244e+00
   6.3680233e-03
   1.3651858e+00
   1.1330798e+00
   9.7549235e-01
   9.0612182e-01
   5.3535328e-02
  -9.4999842e-01
  -8.8505502e-01
  -9.4517094e-01
  -3.1997638e-01
  -5.9228406e-01
  -6.0602507e-01
  -6.3721383e-01
  -4.4819372e-01
  -3.3796687e-01
  -5.4283013e-01
  -7.0375274e-01
   6.6065352e-01
   2.1399674e+00
   5.8764260e-01
   3.0910801e-01
  -3.8194371e-01
  -8.1305864e-01
  -1.2888925e+00
  -1.8106399e+00
  -2.1265466e+00
  -8.2559132e-01
   1.1638327e+00
   3.3332224e-01
  -9.8911596e-01
  -1.7821216e+00
  -1.3634021e+00
  -1.1063765e+00
  -1.3086286e+00
  -1.0809840e+00
  -8.5800960e-01
   2.5030782e+00
   4.0640979e+00
   2.4704840e+00
   2.7467082e+00
   1.6276764e+00
  -6.9147480e-01
  -7.2266799e-01
   5.4710597e-01
   5.0326478e-01
   2.6149902e-01
  -7.2022939e-01
  -3.5601372e-01
  -3.1514797e-02
   1.7554346e-01
   5.5305076e-01
   3.0653697e-01
   3.1964666e-01
   2.6234136e+00
   3.5700841e+00
   1.7202431e-01
   6.4265031e-01
  -6.4720744e-01
  -1.2810645e+00
  -7.0532179e-01
  -9.4022751e-01
  -8.8601649e-02
   3.5094085e+00
   4.4257178e+00
   2.5943252e-01
  -1.1627514e+00
  -1.5128381e+00
  -1.2961444e-01
   3.8386178e-01
  -3.4912480e-03
   3.4797472e-01
   8.3942777e-01
   3.7693481e+00
   5.0510449e+00
   2.2058828e+00
   2.4612446e+00
   1.2456708e+00
  -7.3068261e-01
   1.1432572e-01
   1.5098449e+00
   1.2181150e+00
   4.1679525e-01
  -4.8334122e-01
   1.1440178e-01
   3.1441426e-01
   4.6837485e-01
   1.0070454e+00
   6.3522553e-01
   8.3020103e-01
   3.6769457e+00
   3.9858134e+00
  -2.8929543e-01
   5.0890887e-01
  -8.1372398e-01
  -1.1206611e+00
  -1.6383830e-01
  -2.1967140e-01
   1.0045921e+00
   5.1864581e+00
   4.7148666e+00
  -6.0285169e-01
  -1.2390343e+00
  -1.2514513e+00
   5.6632787e-01
   1.1125846e+00
   6.5962183e-01
   1.0149784e+00
   1.6983035e+00
   5.3001065e+00
   6.0023765e+00
   1.2890725e+00
   1.3667156e+00
   3.1034813e-01
  -5.6368825e-01
   1.5830440e+00
   2.8233241e+00
   2.0697670e+00
   5.1614037e-01
  -5.9202791e-03
   9.0061413e-01
   7.5712010e-01
   8.0748488e-01
   1.5571913e+00
   9.6793612e-01
   1.4420221e+00
   4.9872943e+00
   4.2923775e+00
  -1.0055792e+00
   1.5546562e-01
  -1.0352679e+00
  -6.7493329e-01
   6.4617678e-01
   8.2808714e-01
   2.3638548e+00
   6.8836036e+00
   4.2001149e+00
  -2.1674222e+00
  -1.3237920e+00
  -8.5645000e-01
   1.4520735e+00
   1.9763672e+00
   1.4619876e+00
   1.7847531e+00
   2.7352939e+00
   5.9713821e+00
   5.1566758e+00
  -2.3711263e-01
  -1.0933647e-01
   1.7976227e-01
   1.5307472e+00
   3.8195524e+00
   3.2353649e+00
   2.1670744e+00
   8.4695297e-01
   1.2764604e+00
   1.9030048e+00
   1.5980333e+00
   1.6227825e+00
   2.3760443e+00
   1.8330269e+00
   2.5782909e+00
   5.7923908e+00
   3.6236050e+00
  -1.8682594e+00
  -5.0270176e-01
  -1.1054634e+00
   5.7897669e-01
   1.7032425e+00
   2.4966910e+00
   3.9728208e+00
   7.0972805e+00
   2.1771576e+00
  -2.0736456e+00
  -5.2438892e-02
   2.5404871e-01
   2.6619534e+00
   2.6405768e+00
   2.5438795e+00
   2.7524357e+00
   4.0843940e+00
   6.1456141e+00
   4.7203059e+00
  -5.7189810e-01
  -3.6956114e-01
   4.3791786e-01
   2.4126742e+00
   4.4858479e+00
   3.2291622e+00
   2.1602991e+00
   1.0660543e+00
   1.8507006e+00
   2.3225634e+00
   2.1083868e+00
   2.1160309e+00
   2.8011944e+00
   2.3616216e+00
   3.2390838e+00
   6.1434689e+00
   3.1164579e+00
  -2.1314425e+00
  -6.4369982e-01
  -9.5961398e-01
   1.2177894e+00
   2.1971693e+00
   3.2183728e+00
   4.6566401e+00
   7.0828118e+00
   1.4422060e+00
  -1.7957698e+00
   4.7580945e-01
   8.7094051e-01
   3.3028612e+00
   2.9841754e+00
   3.1167924e+00
   3.3209743e+00
   4.7240262e+00
   6.0054713e+00
   3.4865574e+00
   1.4564854e-01
   7.3777983e-01
   2.3644288e+00
   4.1754804e+00
   4.5768987e+00
   2.4073078e+00
   1.9316761e+00
   1.8634563e+00
   3.1527928e+00
   3.1497894e+00
   3.8323428e+00
   3.7773338e+00
   4.0129004e+00
   4.1583428e+00
   5.3811744e+00
   6.8995648e+00
   1.0868554e+00
  -2.2067204e+00
  -3.1228984e-01
   1.2200894e-01
   2.9938070e+00
   3.4043241e+00
   4.7467507e+00
   6.0519106e+00
   6.5834361e+00
   4.9963163e-01
  -1.6656396e-01
   1.4997239e+00
   2.7764107e+00
   5.1760167e+00
   3.9588490e+00
   4.7905189e+00
   5.1828762e+00
   6.3248233e+00
   5.1612554e+00
   3.0178988e+00
   8.1444675e-01
   1.1968066e+00
   2.5010304e+00
   3.4214356e+00
   3.0817144e+00
   1.5283267e+00
   1.6120361e+00
   1.8917973e+00
   3.2536011e+00
   3.4231124e+00
   4.3503475e+00
   4.3793659e+00
   4.6943407e+00
   4.9211788e+00
   6.0842814e+00
   6.2275171e+00
   3.9290619e-01
  -1.5805501e+00
   1.4900467e-01
   1.0298103e+00
   3.6971760e+00
   3.9529650e+00
   4.9695892e+00
   5.9009590e+00
   5.8894439e+00
   4.6562427e-01
   2.4331579e-01
   1.3582747e+00
   3.2451534e+00
   5.1429048e+00
   4.1151366e+00
   5.2445035e+00
   5.5180120e+00
   6.1924086e+00
   4.1059004e+00
   2.4320289e+00
   1.6505112e+00
   1.7706356e+00
   2.6717957e+00
   2.4788044e+00
   1.2125848e+00
   4.2951288e-01
   1.2124544e+00
   1.9272265e+00
   3.3796214e+00
   3.7647937e+00
   4.9979047e+00
   5.1319666e+00
   5.5462089e+00
   5.8748000e+00
   6.9632368e+00
   5.3873895e+00
  -4.7459930e-01
  -7.9777520e-01
   7.2566880e-01
   2.1646523e+00
   4.5764572e+00
   4.6388207e+00
   5.2481597e+00
   5.7122539e+00
   5.0218846e+00
   4.2311167e-01
   7.5570623e-01
   1.1814491e+00
   3.8311283e+00
   5.1015109e+00
   4.3105120e+00
   5.8120296e+00
   5.9369659e+00
   6.0268772e+00
   1.7521538e+00
   1.1920719e+00
   9.2148435e-01
   4.0524393e-01
   3.6892045e-01
  -1.9316262e-01
  -1.6639950e+00
  -1.7577860e+00
  -8.4087330e-01
  -2.5306678e-01
   9.6456790e-01
   1.9810363e+00
   3.1119800e+00
   3.8686271e+00
   5.2695456e+00
   5.2170825e+00
   5.3679495e+00
   2.8017242e+00
  -6.0489631e-01
  -8.4077567e-03
   1.4930418e-01
   1.9844625e+00
   3.7251799e+00
   3.9106817e+00
   4.6932168e+00
   5.1736703e+00
   4.2571063e+00
   1.3291557e+00
   2.0043066e+00
   2.2542558e+00
   4.1138802e+00
   3.3326259e+00
   3.7853260e+00
   4.2643285e+00
   3.8744736e+00
   3.5296965e+00
   8.5222074e-01
   7.1798588e-01
   6.4274781e-01
  -1.1680081e-01
  -5.1156232e-01
  -1.2147642e+00
  -2.7638284e+00
  -2.5940791e+00
  -1.6259438e+00
  -1.0866815e+00
   4.1194763e-02
   1.2990333e+00
   2.3909140e+00
   3.3856013e+00
   5.1637663e+00
   4.9656105e+00
   4.7580055e+00
   1.8131193e+00
  -6.5471409e-01
   2.9339952e-01
  -7.1063421e-02
   1.9155686e+00
   3.3997020e+00
   3.6322849e+00
   4.4810392e+00
   4.9677478e+00
   3.9647004e+00
   1.6755730e+00
   2.4816974e+00
   2.6644336e+00
   4.2219872e+00
   2.6563090e+00
   3.5845260e+00
   3.6725794e+00
   3.0858990e+00
   2.5749230e+00
  -2.4844852e-01
  -1.9105278e-02
  -1.1008205e+00
  -2.0231695e+00
  -3.2779608e+00
  -3.5444212e+00
  -4.7057753e+00
  -4.9146056e+00
  -4.8818021e+00
  -5.1182294e+00
  -5.2542200e+00
  -4.1817627e+00
  -3.1865892e+00
  -1.5540198e+00
   9.6700156e-01
   1.5319381e+00
   5.0852901e-01
  -1.4375398e+00
  -1.0771486e+00
  -1.0809112e+00
  -2.8629653e+00
  -1.7976160e+00
  -1.3152052e+00
  -8.0705833e-01
   2.2737391e+00
   4.4337811e+00
   3.3919535e+00
   2.0599105e+00
   2.7300143e+00
   4.0218706e+00
   5.0472293e+00
   1.4328526e+00
   1.7676139e+00
   6.4340150e-01
   1.2444000e+00
   9.2411286e-01
   7.5877018e-02
   4.4373459e-01
  -9.7404110e-01
  -1.9523472e+00
  -3.2803626e+00
  -3.6379335e+00
  -4.7246966e+00
  -4.9985461e+00
  -5.1661115e+00
  -5.4545455e+00
  -5.8009067e+00
  -5.0608096e+00
  -4.2224531e+00
  -2.7691090e+00
  -4.6220240e-01
   7.8331780e-01
  -2.2855721e-01
  -1.8459455e+00
  -1.4368842e+00
  -1.6519247e+00
  -3.3728888e+00
  -2.8373227e+00
  -2.4998009e+00
  -2.0717106e+00
   1.2593327e+00
   3.6929920e+00
   2.6117864e+00
   1.1835666e+00
   1.4400854e+00
   3.0845268e+00
   4.8569531e+00
   1.4856849e+00
   1.2323049e+00
   3.0106497e-01
   1.6082392e+00
   1.1890385e+00
   1.0983990e+00
   1.8681039e+00
  -5.1942446e-01
  -1.6594032e+00
  -3.1719294e+00
  -3.8220823e+00
  -4.7004716e+00
  -5.1542585e+00
  -5.8860012e+00
  -6.2985874e+00
  -7.2255057e+00
  -7.4783503e+00
  -7.1081036e+00
  -6.2210564e+00
  -4.5898808e+00
  -1.3271165e+00
  -2.2701547e+00
  -2.9396896e+00
  -2.5023389e+00
  -3.3137121e+00
  -4.7914715e+00
  -5.8124947e+00
  -5.8693312e+00
  -5.6938020e+00
  -1.7026245e+00
   1.4848977e+00
   2.8675130e-01
  -1.4710612e+00
  -2.4541053e+00
   2.0555121e-01
   4.2495521e+00
   1.6959091e+00
  -3.0347424e-01
  -6.0301340e-01
   2.7807070e+00
   2.0557171e+00
   1.7357566e+00
   2.9599676e+00
   6.1183131e-01
  -8.2083195e-01
  -2.3630679e+00
  -3.2750335e+00
  -4.0412092e+00
  -4.5403795e+00
  -5.4551449e+00
  -5.6353974e+00
  -6.1812749e+00
  -6.8414888e+00
  -6.9236889e+00
  -6.9473186e+00
  -5.9547701e+00
  -1.4268783e+00
  -2.2886539e+00
  -3.0785356e+00
  -2.8819070e+00
  -3.2473278e+00
  -4.4121966e+00
  -6.1684747e+00
  -6.2509494e+00
  -6.5954852e+00
  -3.4865990e+00
  -4.8407924e-01
  -1.4858072e+00
  -3.0797951e+00
  -4.9105139e+00
  -2.5957284e+00
   2.4940555e+00
   1.4356554e+00
  -6.5512931e-01
  -4.2968673e-01
   3.5350399e+00
   2.5178404e+00
   2.3039516e+00
   3.9333489e+00
   1.6203298e+00
  -7.3257684e-02
  -1.6419794e+00
  -2.7873474e+00
  -3.4534865e+00
  -3.9931156e+00
  -5.0710423e+00
  -5.0441735e+00
  -5.2503568e+00
  -6.2737361e+00
  -6.7592860e+00
  -7.5947698e+00
  -7.1715497e+00
  -1.5158149e+00
  -2.3051457e+00
  -3.2023148e+00
  -3.2202869e+00
  -3.1881471e+00
  -4.0740780e+00
  -6.4858261e+00
  -6.5911563e+00
  -7.3993222e+00
  -5.0769866e+00
  -2.2393943e+00
  -3.0660183e+00
  -4.5139587e+00
  -7.1003672e+00
  -5.0930296e+00
   9.2905514e-01
   1.2036428e+00
  -9.6862482e-01
  -2.7516851e-01
   4.2075176e+00
   2.9298170e+00
   2.9462161e+00
   3.1410315e+00
   1.9812523e+00
   9.2587185e-01
  -5.9608465e-01
  -1.5468997e+00
  -1.7952673e+00
  -2.6565554e+00
  -3.7673283e+00
  -3.9264081e+00
  -3.8345070e+00
  -4.4911499e+00
  -5.4055243e+00
  -6.8239641e+00
  -6.8254561e+00
  -3.3248246e-01
  -4.4834006e-01
  -2.0554018e+00
  -1.8092234e+00
  -1.5617820e+00
  -2.8029959e+00
  -4.6728415e+00
  -5.2343249e+00
  -6.9128952e+00
  -5.6795545e+00
  -2.4679224e+00
  -2.5033717e+00
  -3.2428107e+00
  -5.9680476e+00
  -5.7343907e+00
  -1.5651346e+00
   2.3893948e-01
   4.9914494e-02
  -4.9927276e-01
   2.5331359e+00
   2.7473812e+00
   3.1326323e+00
   2.4030330e+00
   1.6439428e+00
   1.1174440e+00
  -2.6230538e-01
  -1.0592164e+00
  -1.1692218e+00
  -2.0740469e+00
  -3.1405554e+00
  -3.4464297e+00
  -3.4267757e+00
  -3.9058580e+00
  -4.9664211e+00
  -6.5497794e+00
  -6.4290466e+00
   2.5234401e-01
   5.8709878e-01
  -1.1979280e+00
  -1.0359223e+00
  -8.8274258e-01
  -2.2347693e+00
  -3.8224757e+00
  -4.6852884e+00
  -6.6273994e+00
  -5.6695762e+00
  -2.2337372e+00
  -2.0141745e+00
  -2.6916029e+00
  -5.3513856e+00
  -5.5304561e+00
  -2.1747229e+00
  -1.1572022e-01
   3.3572242e-01
  -6.0004854e-01
   1.7631922e+00
   2.6354713e+00
   3.3899711e+00
   5.8502088e-02
   2.4683369e-02
   1.1250536e+00
   2.7729852e-01
  -5.2887314e-02
   7.2747183e-02
  -7.6215923e-01
  -1.6271719e+00
  -2.3779194e+00
  -2.8723133e+00
  -2.9207005e+00
  -4.2397587e+00
  -6.0395983e+00
  -5.1094881e+00
   1.6895413e+00
   3.3121547e+00
   1.3547333e+00
   9.8080920e-01
   5.9480252e-01
  -9.3027017e-01
  -1.8026810e+00
  -3.5223150e+00
  -5.8566942e+00
  -5.1733559e+00
  -1.1262288e+00
  -4.8841477e-01
  -1.4550610e+00
  -3.7485227e+00
  -4.2309570e+00
  -2.7178330e+00
  -8.0013493e-01
   7.0463709e-01
  -8.3240560e-01
  -4.0696369e-02
   2.3271265e+00
   2.4006836e+00
  -8.3566970e-01
  -9.5042276e-01
   4.0267998e-01
   2.7409244e-01
   5.7267565e-01
   8.9375955e-01
   1.3753453e-01
  -7.2134030e-01
  -1.6498833e+00
  -2.2880323e+00
  -2.2844055e+00
  -4.0364242e+00
  -5.7101297e+00
  -3.5507715e+00
   2.3340805e+00
   4.3047686e+00
   2.7598612e+00
   1.9351394e+00
   1.7439024e+00
   3.0801553e-01
  -6.8050063e-01
  -2.5692582e+00
  -4.8353162e+00
  -4.7960334e+00
  -1.2400483e+00
  -5.2061951e-01
  -1.8670590e+00
  -3.8651490e+00
  -3.4288135e+00
  -2.0490158e+00
  -1.2960801e+00
  -2.6610082e-01
   1.9589524e-01
   4.9472684e-01
   1.4563507e+00
   1.4783798e+00
  -1.2717704e+00
  -1.4263638e+00
  -1.1365563e-01
   2.2235206e-01
   1.0070695e+00
   1.5602794e+00
   9.0621525e-01
   6.8704337e-03
  -1.0600926e+00
  -1.8141330e+00
  -1.8251995e+00
  -3.8043883e+00
  -5.2436180e+00
  -2.2495515e+00
   2.6108279e+00
   4.6504798e+00
   3.4931629e+00
   2.4748466e+00
   2.6011794e+00
   1.2906476e+00
   1.7591673e-01
  -1.7592826e+00
  -3.9468639e+00
  -4.3781056e+00
  -1.2969632e+00
  -5.1603812e-01
  -2.0281534e+00
  -3.7753446e+00
  -2.7264893e+00
  -1.4787529e+00
  -1.6292747e+00
  -1.0033734e+00
   1.0346885e+00
   1.0228205e+00
   7.0443022e-01
  -7.9243283e-01
  -5.5306280e-01
  -6.4516494e-01
  -6.7645195e-01
  -1.2485607e-01
   1.4056029e+00
   2.7553768e+00
   2.4827327e+00
   1.2754675e+00
  -9.0405405e-03
  -9.6667064e-01
  -1.2988141e+00
  -3.0415962e+00
  -3.3765052e+00
   2.6902261e-01
   1.8306313e+00
   2.8878431e+00
   2.6983785e+00
   2.2254998e+00
   3.7468904e+00
   2.9353077e+00
   1.4287934e+00
  -1.1921577e-01
  -2.0469321e+00
  -3.0508338e+00
  -1.2152631e+00
  -3.4872292e-01
  -1.4192569e+00
  -2.6590576e+00
  -1.2024821e+00
  -3.1489188e-01
  -1.8672101e+00
  -2.0622966e+00
   2.5593436e+00
   2.4534577e+00
  -8.7681181e-01
  -1.6743655e+00
  -3.0802748e-01
   9.8891020e-02
  -5.7034129e-01
  -3.9944842e-01
   9.1384095e-01
   2.6612012e+00
   3.2168217e+00
   2.1654427e+00
   8.3951831e-01
   3.6139503e-02
  -3.8994056e-01
  -1.3801969e+00
  -7.4763280e-01
   1.5711542e+00
   4.8299682e-01
   8.2858551e-01
   1.0509939e+00
   6.8420482e-01
   2.7647593e+00
   2.8327210e+00
   2.1550903e+00
   1.1630994e+00
  -8.0529034e-01
  -1.3663385e+00
  -1.9750290e-01
   2.8348240e-01
  -5.2582520e-01
  -1.2742789e+00
  -4.5779207e-01
  -2.5420603e-01
  -1.4318388e+00
  -1.7154831e+00
   1.5811691e+00
   1.5636247e+00
  -1.3720113e+00
  -1.8506340e+00
  -7.7388000e-01
   2.5598705e-03
  -5.6487149e-01
  -6.2615919e-01
   1.9358611e-01
   1.8323480e+00
   2.9229727e+00
   2.3813813e+00
   1.3959432e+00
   7.4874288e-01
   3.1649581e-01
   1.2723657e-01
   1.3925617e+00
   2.3316743e+00
  -3.5569137e-01
  -4.9567917e-01
  -2.8620502e-01
  -8.7512219e-01
   1.0279990e+00
   2.0094712e+00
   2.5675356e+00
   2.2292550e+00
   2.3171689e-01
  -1.5536554e-01
   4.7593939e-01
   4.6169654e-01
  -2.0973668e-01
  -5.7533926e-01
  -2.3942403e-01
  -4.0981823e-01
  -7.7913660e-01
  -1.0196743e+00
   3.6398888e-01
   5.4227805e-01
  -1.1229839e+00
  -1.3589119e+00
  -1.6841834e+00
  -7.6929265e-01
  -7.3116821e-01
  -8.7030447e-01
  -7.1199143e-01
   3.1831905e-01
   1.5081036e+00
   1.5973767e+00
   1.2621908e+00
   9.7894752e-01
   8.2989031e-01
   1.5060467e+00
   3.0528939e+00
   2.6535165e+00
  -6.2286896e-01
  -1.0892627e+00
  -1.1956074e+00
  -2.1569452e+00
  -1.1199200e+00
   4.9178377e-01
   2.3708863e+00
   2.8155837e+00
   1.0662984e+00
   6.7126727e-01
   8.0984920e-01
   3.1802756e-01
  -2.3831993e-01
  -2.7900264e-01
  -2.1249856e-01
  -4.8158944e-01
   1.2541350e-02
  -7.8326114e-02
  -6.5607595e-01
  -1.4233603e-01
  -8.4279113e-02
  -3.6345923e-01
  -1.8600143e+00
  -1.3993216e+00
  -1.1045752e+00
  -1.1626331e+00
  -1.2563449e+00
  -1.0568293e+00
  -7.0136100e-01
  -7.1505868e-01
  -5.0779402e-01
   1.8529680e-01
   9.7725666e-01
   2.1123025e+00
   3.2345665e+00
   2.4152951e+00
   5.4358829e-02
  -4.9574488e-01
  -8.2785493e-01
  -1.7314297e+00
  -1.8704860e+00
  -1.0872402e+00
   6.9692665e-01
   1.7294265e+00
   1.0618541e+00
   6.8561786e-01
   5.5387300e-01
   2.0144251e-01
  -9.4636753e-02
   5.8694288e-02
   3.4802872e-01
   2.1840383e-01
   3.6065876e-01
   3.5108948e-01
  -9.7837694e-02
   8.2184273e-01
   1.3636318e+00
   3.2346949e-01
  -4.4461122e-01
  -5.4064602e-01
  -9.3825305e-01
  -1.2385173e+00
  -1.0808779e+00
  -1.1177408e+00
  -1.7879130e+00
  -2.4297144e+00
  -1.9916645e+00
  -1.6758865e-01
   1.3649000e+00
   2.0435009e+00
   2.1010110e+00
   1.4899684e+00
   5.9206915e-01
   2.0550859e-01
  -1.3440558e-01
  -6.6373283e-01
  -1.3064378e+00
  -1.7958412e+00
  -1.3863926e+00
  -5.8470863e-01
  -4.6330911e-01
  -5.3751999e-01
  -3.1462789e-01
   7.2636835e-02
   1.3261737e-01
   3.0842367e-01
   8.2428336e-01
   5.8727342e-01
  -1.3391244e-01
  -4.9348691e-01
  -1.2041755e-02
   1.0344721e+00
   1.3095015e+00
   8.3265126e-02
   2.7825448e-01
   1.3222413e-01
  -3.9389729e-01
  -6.9672990e-01
  -6.1356258e-01
  -9.5634562e-01
  -1.9942752e+00
  -2.7354701e+00
  -2.2097054e+00
  -3.1330898e-01
   1.1858747e+00
   1.4790226e+00
   1.0831895e+00
   6.5924561e-01
   2.5947431e-01
  -2.8951058e-01
  -8.0275804e-01
  -1.1253732e+00
  -8.1380022e-01
  -3.3114091e-01
  -2.0283377e-01
  -7.5191152e-01
  -1.9466372e+00
  -2.4680657e+00
  -1.6356429e+00
  -1.3024923e+00
  -8.8482869e-01
  -3.4645462e-01
   6.4917386e-02
  -1.8464209e-01
  -1.0876420e+00
  -1.7392180e+00
  -1.3664833e+00
  -6.3780266e-01
  -1.1859430e-01
  -4.0222177e-02
   7.5663381e-03
  -3.6864023e-02
  -1.7702359e-01
  -3.3319775e-01
  -5.5057976e-01
  -1.0412889e+00
  -1.6443585e+00
  -1.9840909e+00
  -1.8090233e+00
  -1.0559464e+00
  -1.5489285e-01
   4.9773673e-01
   8.4148579e-01
   9.2762593e-01
   7.7811680e-01
   5.5434898e-01
   5.0586463e-01
   8.6189317e-01
   1.7228495e+00
   2.4465838e+00
   2.3337226e+00
   1.1906237e+00
  -6.2556432e-01
  -2.1739963e+00
  -2.4453013e+00
  -1.8419445e+00
  -1.2349777e+00
  -6.7229454e-01
  -3.8273997e-01
  -4.4331924e-01
  -6.9857645e-01
  -8.6608035e-01
  -7.3884816e-01
  -4.5012869e-01
  -1.9014971e-01
