   0.0000000e+00
   0.0000000e+00
   0.0000000e+00
   0.0000000e+00
   0.0000000e+00
   0.0000000e+00
   0.0000000e+00
   0.0000000e+00
   0.0000000e+00
   0.0000000e+00
   0.0000000e+00
   0.0000000e+00
   0.0000000e+00
   0.0000000e+00
   0.0000000e+00
   0.0000000e+00
   0.0000000e+00
   0.0000000e+00
   0.0000000e+00
   0.0000000e+00
   0.0000000e+00
   0.0000000e+00
  -0.0000000e+00
  -0.0000000e+00
  -0.0000000e+00
  -0.0000000e+00
  -0.0000000e+00
  -0.0000000e+00
  -0.0000000e+00
  -0.0000000e+00
   0.0000000e+00
   0.0000000e+00
   0.0000000e+00
   0.0000000e+00
   0.0000000e+00
   0.0000000e+00
   0.0000000e+00
   5.1693127e-02
   5.1708221e-02
   8.8779129e-02
   9.6357010e-02
   1.1365871e-01
   1.1986773e-01
   7.0293412e-02
   5.2585363e-02
   2.7109651e-02
   1.0693979e-02
   6.5158685e-03
   6.9698240e-03
   1.7772071e-02
   3.1709433e-02
   3.3504650e-02
   4.9993329e-02
   4.8586700e-02
   5.3596221e-02
   4.5694664e-02
   1.6220879e-02
   1.3672710e-02
   9.9024680e-03
   5.7794638e-03
  -6.4835092e-03
  -1.2716447e-03
   1.1974169e-02
   2.3563700e-02
   4.2227995e-02
   5.4410212e-02
   1.5033889e-01
   2.2545718e-01
   2.0687504e-01
   7.7309303e-02
   6.2813237e-02
   0.0000000e+00
   1.0820962e-02
   2.6962120e-02
   2.8863950e-02
   1.9805091e-02
   1.9449215e-02
   3.8430307e-02
   5.1572364e-02
   3.3727132e-02
   9.9271936e-03
  -1.0554258e-03
   5.1472883e-04
   3.8267169e-03
   4.8406050e-03
   4.6729106e-03
   5.1226583e-04
   4.3948027e-03
   1.1978370e-02
   6.1503891e-03
  -4.8383027e-03
  -7.7022659e-03
  -9.1196531e-03
  -3.8943675e-03
   1.3269197e-02
   2.9036831e-02
   2.7983343e-02
   1.9003298e-02
   1.6109563e-02
   1.8089997e-02
   1.8342134e-02
   1.4040174e-02
   1.7705312e-02
   3.7256200e-02
   6.2081020e-02
   5.5349823e-02
   2.6414109e-02
   6.9882162e-03
  -3.0925058e-02
  -3.7047751e-02
  -3.2989725e-02
  -2.5649965e-02
  -1.9872788e-02
  -6.5089418e-03
   6.0495618e-03
   1.0067922e-03
  -1.1988654e-02
  -1.5270459e-02
  -1.2273162e-02
  -1.4255467e-02
  -1.1879254e-02
  -7.6529710e-03
  -1.2327248e-02
  -8.0610849e-03
   1.0249781e-03
  -1.3636129e-02
  -2.6056653e-02
  -6.8959659e-03
  -2.8468408e-03
  -6.1898618e-03
   8.9160064e-03
   2.4331462e-02
   1.4337377e-02
  -4.9084439e-03
  -1.5676305e-02
  -1.6156454e-02
  -1.1680188e-02
  -1.5277989e-02
  -2.1869240e-02
  -1.5622628e-02
   5.9455205e-03
   1.3163151e-02
  -2.9122410e-03
  -2.0654533e-02
  -5.6015965e-02
  -6.2620334e-02
  -4.8863970e-02
  -3.0816197e-02
  -2.7336299e-02
  -2.6831977e-02
  -2.2281868e-02
  -1.8694848e-02
  -2.6215641e-02
  -3.4828924e-02
  -3.6896512e-02
  -3.0568538e-02
  -1.8421624e-02
  -2.5829677e-03
  -2.7474416e-03
  -9.8962039e-03
  -9.7810179e-03
  -3.5295643e-02
  -6.2360030e-02
  -0.0000000e+00
   1.1314616e-03
  -2.8459923e-03
   8.7173106e-03
   1.4301646e-02
   3.0387985e-03
  -1.0520758e-02
  -2.5398718e-02
  -3.1460926e-02
  -3.2023221e-02
  -3.2328472e-02
  -3.1148929e-02
  -2.8564388e-02
  -2.3283249e-02
  -2.4017004e-02
  -3.6171164e-02
  -4.7000073e-02
  -4.8697382e-02
  -4.8453797e-02
  -3.5683073e-02
  -2.7538048e-02
  -2.4103040e-02
  -2.2255963e-02
  -2.1902062e-02
  -1.4648628e-02
  -2.1664292e-02
  -4.1301955e-02
  -4.4926643e-02
  -2.9502572e-02
  -1.7368477e-02
  -1.2452480e-03
  -3.8907514e-03
  -2.2162635e-02
  -2.6043382e-02
  -4.2148683e-02
  -9.6991330e-02
  -0.0000000e+00
   4.4677369e-03
   4.8406883e-03
   1.1274409e-02
   1.2403196e-03
  -7.6168277e-03
  -1.6797179e-02
  -3.2556228e-02
  -3.7957154e-02
  -3.8717855e-02
  -3.1401519e-02
  -1.8942634e-02
  -1.3732849e-02
  -2.0823702e-02
  -3.2717586e-02
  -4.3529421e-02
  -4.7758065e-02
  -1.8229340e-02
  -6.9002021e-03
  -5.3960649e-03
  -1.6768929e-02
  -1.0994680e-02
   3.2438512e-03
  -3.5050734e-03
  -7.9516046e-03
  -1.5425544e-02
  -1.6834634e-02
  -1.3231054e-02
  -8.2212276e-03
  -1.3929408e-02
  -1.1444806e-02
  -1.3599773e-02
  -2.6155656e-02
  -2.5780222e-02
  -1.5227951e-02
  -9.1975863e-03
   0.0000000e+00
   1.1290080e-02
   1.0947124e-02
   1.0916092e-02
  -9.3589780e-03
  -1.8335458e-02
  -2.8468847e-02
  -4.3589981e-02
  -3.0921706e-02
  -1.6056869e-02
  -1.1760216e-02
  -1.1499179e-02
  -1.0154335e-02
  -1.5971890e-02
  -2.3724884e-02
  -2.6470353e-02
  -2.3850645e-02
  -2.8077364e-03
   1.1844676e-02
   1.1976201e-02
   1.2540155e-02
   0.0000000e+00
   7.4537629e-03
  -6.9118817e-03
  -7.8692827e-03
  -8.1088804e-03
   2.8917799e-04
  -1.2751229e-03
  -4.1187792e-03
  -5.7709473e-03
  -4.8325108e-03
  -6.6758245e-03
  -1.2205622e-02
  -1.1697329e-02
   2.4287135e-03
   1.4275348e-02
   0.0000000e+00
   1.8412845e-02
   9.2211105e-03
   1.1446993e-03
  -1.2567526e-02
  -1.9467995e-02
  -2.7150400e-02
  -1.9352449e-02
   4.1203285e-03
   4.0015774e-03
  -3.4378222e-03
  -1.4351732e-02
  -1.2676230e-02
  -1.2171524e-02
  -1.3407084e-02
  -1.0611841e-02
  -9.3283253e-03
   1.1205264e-02
   4.4076379e-02
   4.3458950e-02
   0.0000000e+00
   0.0000000e+00
   1.9454004e-03
  -6.5076509e-03
  -4.1246254e-05
   7.7287701e-04
   6.0982513e-03
  -8.8524510e-04
  -3.5814692e-03
  -1.3835310e-03
  -4.4708105e-04
  -4.5544398e-04
  -3.3954699e-03
  -3.0404937e-03
   1.5047967e-02
   2.6591372e-02
   0.0000000e+00
   0.0000000e+00
   6.3823531e-03
  -5.9630121e-03
  -1.0879628e-02
  -1.4763093e-02
  -1.6237834e-02
   9.1073541e-03
   2.8052934e-02
   0.0000000e+00
  -1.9249187e-03
  -1.3752482e-02
  -7.9701841e-03
  -4.0000905e-03
  -3.7901066e-03
   7.3970365e-04
   1.7196576e-03
   2.8032984e-02
   9.2564630e-02
   0.0000000e+00
   0.0000000e+00
   0.0000000e+00
  -1.0676756e-02
  -3.7696523e-03
   1.4349282e-02
   1.2876118e-02
   6.7984734e-03
  -7.1583045e-03
  -4.9896452e-03
   1.9376713e-03
   3.7747011e-03
   6.9686092e-03
   4.6963057e-03
   4.6907901e-03
   2.7997825e-02
   3.5580395e-02
   0.0000000e+00
   0.0000000e+00
   2.1557383e-03
  -1.3358461e-02
  -5.8898829e-03
  -5.4226460e-03
   3.1191259e-03
   4.7426134e-02
   5.1702579e-02
   0.0000000e+00
  -4.0015780e-03
  -1.0978920e-02
   2.1849117e-03
   8.8494090e-03
   7.9140813e-03
   1.2402899e-02
   1.3604383e-02
   4.6455584e-02
   1.0696729e-01
   0.0000000e+00
   0.0000000e+00
   0.0000000e+00
  -1.2916373e-02
   1.9154293e-02
   3.0886916e-02
   2.2225555e-02
   6.8270657e-03
  -1.4789875e-03
   8.1637725e-03
   9.1531575e-03
   1.1181450e-02
   1.5414974e-02
   9.9678226e-03
   1.1304822e-02
   4.9386814e-02
   3.6871437e-02
  -0.0000000e+00
   0.0000000e+00
  -8.2735461e-04
  -2.9944887e-03
   6.5204790e-03
   9.1066454e-03
   2.1674827e-02
   7.3540799e-02
   7.5907543e-02
  -0.0000000e+00
  -1.8337101e-02
  -4.5219623e-03
   1.7123096e-02
   2.2103071e-02
   2.0473797e-02
   1.9936617e-02
   2.3764193e-02
   5.1764537e-02
   8.9819863e-02
   0.0000000e+00
   0.0000000e+00
   0.0000000e+00
  -1.0246080e-03
   3.0378306e-02
   3.3814944e-02
   2.2737579e-02
   7.5854706e-03
   3.7552137e-03
   1.3400608e-02
   1.2288094e-02
   1.4479328e-02
   1.9012012e-02
   1.3800626e-02
   1.6581243e-02
   5.7543043e-02
   3.2850068e-02
  -0.0000000e+00
   0.0000000e+00
  -0.0000000e+00
   2.2134341e-03
   1.1223298e-02
   1.5727855e-02
   2.9386848e-02
   7.5562209e-02
   0.0000000e+00
  -0.0000000e+00
  -1.0821694e-02
   8.1271672e-04
   2.3510791e-02
   2.5247857e-02
   2.4758156e-02
   2.3162739e-02
   3.0408356e-02
   5.7337690e-02
   3.7801588e-02
  -0.0000000e+00
  -0.0000000e+00
   2.6373670e-03
   3.1483586e-02
   4.9536653e-02
   3.3953440e-02
   1.9789533e-02
   9.5797966e-03
   1.4995991e-02
   2.1208166e-02
   1.7265070e-02
   1.9799581e-02
   2.4645613e-02
   2.1519618e-02
   2.7503546e-02
   6.9287527e-02
   2.1611320e-02
  -0.0000000e+00
  -0.0000000e+00
  -0.0000000e+00
   1.1228395e-02
   1.7959343e-02
   2.6566557e-02
   4.1259620e-02
   6.8892784e-02
   0.0000000e+00
  -0.0000000e+00
   0.0000000e+00
   1.1961522e-02
   3.3543169e-02
   2.7471647e-02
   3.0317799e-02
   2.8234611e-02
   4.3319001e-02
   5.5112496e-02
   2.6736587e-02
  -0.0000000e+00
   0.0000000e+00
   1.9805331e-02
   4.1438751e-02
   4.4551305e-02
   2.5675910e-02
   1.8514834e-02
   1.4344867e-02
   2.4503153e-02
   2.5984364e-02
   2.7277542e-02
   2.8870523e-02
   3.1291343e-02
   3.1565730e-02
   4.2610690e-02
   6.4362071e-02
  -0.0000000e+00
  -0.0000000e+00
  -0.0000000e+00
  -0.0000000e+00
   3.3131763e-02
   2.5927005e-02
   3.5895068e-02
   4.7164686e-02
   5.7969086e-02
  -0.0000000e+00
  -0.0000000e+00
   0.0000000e+00
   2.7954115e-02
   4.6037354e-02
   3.2433350e-02
   3.9866786e-02
   4.0859982e-02
   5.6371652e-02
   5.3823912e-02
   2.0328980e-02
   0.0000000e+00
   0.0000000e+00
   2.9747087e-02
   4.7203670e-02
   4.1664353e-02
   2.0882497e-02
   1.7776671e-02
   1.7104261e-02
   3.0008633e-02
   2.8750206e-02
   3.3075637e-02
   3.4123389e-02
   3.5139799e-02
   3.7383315e-02
   5.1359056e-02
   6.1509809e-02
  -0.0000000e+00
  -0.0000000e+00
  -0.0000000e+00
   0.0000000e+00
   4.5815730e-02
   3.0540984e-02
   4.1297096e-02
   5.0584241e-02
   5.1643302e-02
  -0.0000000e+00
   0.0000000e+00
   0.0000000e+00
   3.7215231e-02
   5.3272577e-02
   3.5306614e-02
   4.5396490e-02
   4.8171185e-02
   6.3930280e-02
   3.1902160e-02
   0.0000000e+00
   3.1392332e-02
   1.9719599e-02
   2.7236057e-02
   2.1089820e-02
   9.3589667e-03
   5.0049149e-03
   1.0033982e-02
   1.4535353e-02
   2.6982795e-02
   3.0754605e-02
   4.2931646e-02
   4.3857861e-02
   4.8478067e-02
   5.0095424e-02
   5.9068680e-02
   4.3722671e-02
  -0.0000000e+00
  -0.0000000e+00
   0.0000000e+00
   0.0000000e+00
   6.6531971e-02
   3.9363761e-02
   4.3999292e-02
   4.6378855e-02
   3.3931989e-02
  -0.0000000e+00
   0.0000000e+00
   0.0000000e+00
   4.6342745e-02
   4.7191642e-02
   3.7449583e-02
   4.8868649e-02
   4.9713604e-02
   5.0864454e-02
   2.5134008e-02
   0.0000000e+00
   2.7418444e-02
   1.6248647e-02
   2.0740068e-02
   1.4108437e-02
   3.2251400e-03
   4.9185101e-04
   5.7947906e-03
   1.0187218e-02
   2.1125037e-02
   2.5923397e-02
   3.7051860e-02
   3.8816132e-02
   4.5786764e-02
   4.6707492e-02
   5.2667376e-02
   3.4340028e-02
  -0.0000000e+00
  -0.0000000e+00
   0.0000000e+00
   0.0000000e+00
   5.7572801e-02
   3.5622220e-02
   4.0146060e-02
   4.2921104e-02
   3.1317327e-02
   0.0000000e+00
   0.0000000e+00
   0.0000000e+00
   4.8886370e-02
   4.0657163e-02
   3.4355525e-02
   4.3442104e-02
   4.3316837e-02
   4.2395297e-02
   0.0000000e+00
   0.0000000e+00
   7.2667648e-03
   2.3817655e-03
  -1.3267707e-03
  -4.8176718e-03
  -1.1488325e-02
  -1.1948063e-02
  -7.3571224e-03
  -4.4016938e-03
   1.3820571e-03
   8.7198257e-03
   1.4597317e-02
   1.9299600e-02
   3.3703268e-02
   3.2330574e-02
   2.8839026e-02
   5.3637610e-03
  -0.0000000e+00
   0.0000000e+00
   0.0000000e+00
   3.1117835e-02
   2.2192664e-02
   2.0811682e-02
   2.6199272e-02
   3.1761962e-02
   2.5851477e-02
   0.0000000e+00
   0.0000000e+00
   0.0000000e+00
   5.5861130e-02
   1.9186754e-02
   2.3162053e-02
   2.3868900e-02
   2.0765807e-02
   1.5628619e-02
   0.0000000e+00
   0.0000000e+00
  -1.7850165e-04
  -5.4479502e-03
  -1.1760519e-02
  -1.4608322e-02
  -2.4213577e-02
  -2.6330011e-02
  -2.3439221e-02
  -2.3351207e-02
  -1.9959377e-02
  -1.0498852e-02
  -2.4302150e-03
   5.3086020e-03
   1.8766681e-02
   1.9434407e-02
   1.5659967e-02
  -1.9117334e-04
  -0.0000000e+00
  -0.0000000e+00
  -0.0000000e+00
   1.0219993e-02
   7.4972319e-03
   8.9386888e-03
   1.7664231e-02
   2.6833493e-02
   2.3906453e-02
   0.0000000e+00
   0.0000000e+00
   0.0000000e+00
   1.0342684e-01
   1.6282702e-02
   1.6448822e-02
   1.5207626e-02
   1.6521616e-02
   1.2353159e-02
  -0.0000000e+00
  -1.1389737e-03
  -8.0431490e-03
  -1.3718703e-02
  -2.2781985e-02
  -2.4950467e-02
  -3.7655619e-02
  -4.1522075e-02
  -4.0427196e-02
  -4.3368114e-02
  -4.2502945e-02
  -3.0800093e-02
  -2.0416883e-02
  -9.4704881e-03
   2.9887395e-03
   5.8118215e-03
   1.7385506e-03
  -6.0590093e-03
  -0.0000000e+00
  -0.0000000e+00
  -6.2653749e-02
  -1.1854994e-02
  -8.0259720e-03
  -3.6030944e-03
   8.6484257e-03
   2.1627412e-02
   2.1851868e-02
   0.0000000e+00
   0.0000000e+00
   0.0000000e+00
   1.5367187e-01
   1.3215070e-02
   9.3574430e-03
   6.0584716e-03
   1.2038356e-02
   8.8931989e-03
   0.0000000e+00
   7.9021510e-03
  -1.0428569e-02
  -1.6897529e-02
  -2.8020829e-02
  -3.3336755e-02
  -4.3790150e-02
  -5.0143007e-02
  -5.7933040e-02
  -6.2050045e-02
  -6.8878107e-02
  -6.5543838e-02
  -5.5785425e-02
  -4.3310110e-02
  -2.4195384e-02
  -6.3139293e-03
  -1.2140869e-02
  -1.5839182e-02
  -0.0000000e+00
  -0.0000000e+00
  -5.2965034e-02
  -4.0778238e-02
  -3.6593746e-02
  -2.8292350e-02
   3.4621754e-04
   0.0000000e+00
   0.0000000e+00
  -0.0000000e+00
  -0.0000000e+00
   0.0000000e+00
   0.0000000e+00
   1.9758008e-02
   4.3333862e-03
   1.9254553e-03
   2.8138127e-02
   2.4897749e-02
   0.0000000e+00
   1.1543727e-02
  -1.0699519e-02
  -1.7632941e-02
  -2.9398020e-02
  -3.5859793e-02
  -4.5488756e-02
  -5.2699510e-02
  -6.3589878e-02
  -6.7915246e-02
  -7.7110380e-02
  -7.6951280e-02
  -6.7898057e-02
  -5.5345654e-02
  -3.4229897e-02
  -1.0360645e-02
  -1.7724235e-02
  -2.2088466e-02
  -0.0000000e+00
  -1.1686937e-01
  -4.9443610e-02
  -5.0949581e-02
  -4.6606980e-02
  -3.7392151e-02
  -4.2301696e-03
   0.0000000e+00
   0.0000000e+00
  -0.0000000e+00
  -0.0000000e+00
   0.0000000e+00
   0.0000000e+00
   2.1583289e-02
   2.5507943e-03
   9.6671545e-04
   3.3776317e-02
   3.0481640e-02
   0.0000000e+00
   3.2435246e-02
   7.1477372e-03
  -6.5253077e-03
  -1.6686349e-02
  -2.6293824e-02
  -3.3514216e-02
  -4.1608657e-02
  -5.6833235e-02
  -5.4891477e-02
  -5.7089837e-02
  -6.9647709e-02
  -7.7395309e-02
  -7.9552396e-02
  -6.6072017e-02
  -1.0028141e-02
  -4.9559438e-02
  -0.0000000e+00
  -6.6470611e-02
  -2.8545437e-02
  -3.9956477e-02
  -6.7724198e-02
  -6.2054545e-02
  -6.5845353e-02
  -6.5146256e-02
  -0.0000000e+00
  -0.0000000e+00
  -0.0000000e+00
  -0.0000000e+00
  -0.0000000e+00
   0.0000000e+00
   9.2716211e-03
  -8.9795949e-04
   1.5321140e-02
   4.2315851e-02
   3.8261192e-02
   0.0000000e+00
   2.8897304e-02
   9.5919324e-03
  -2.6630594e-03
  -1.3730890e-02
  -2.2760071e-02
  -2.8390814e-02
  -3.6849413e-02
  -5.1333260e-02
  -5.0416101e-02
  -5.1607832e-02
  -6.1652500e-02
  -7.0275955e-02
  -7.4429557e-02
  -6.3577607e-02
  -2.4247798e-03
  -0.0000000e+00
  -8.8607103e-02
  -4.9239162e-02
  -2.3840331e-02
  -3.5551079e-02
  -5.9408475e-02
  -5.6762580e-02
  -6.6421874e-02
  -6.8119563e-02
  -0.0000000e+00
  -0.0000000e+00
  -0.0000000e+00
  -0.0000000e+00
  -0.0000000e+00
  -0.0000000e+00
   6.3897078e-03
   1.8362241e-03
   0.0000000e+00
   4.8035961e-02
   5.1298730e-02
   0.0000000e+00
   2.2043473e-02
   1.4326913e-02
   4.8190290e-03
  -8.0054710e-03
  -1.5914359e-02
  -1.8465577e-02
  -2.7629631e-02
  -4.0678516e-02
  -4.1746243e-02
  -4.0987906e-02
  -4.6163883e-02
  -5.6484066e-02
  -6.4505412e-02
  -5.8745342e-02
   0.0000000e+00
  -5.8933492e-04
  -2.2156203e-02
  -1.5857756e-02
  -1.4725419e-02
  -2.7016784e-02
  -4.3298955e-02
  -4.6510785e-02
  -6.7538737e-02
  -7.3879567e-02
  -0.0000000e+00
  -0.0000000e+00
  -0.0000000e+00
  -0.0000000e+00
  -0.0000000e+00
  -0.0000000e+00
   8.0676189e-04
   7.1329834e-03
  -0.0000000e+00
   0.0000000e+00
   0.0000000e+00
   0.0000000e+00
  -0.0000000e+00
  -6.0671223e-03
   4.1074944e-03
  -5.7211979e-03
  -8.5768392e-03
  -7.7783144e-03
  -1.6087659e-02
  -2.5757035e-02
  -3.2224972e-02
  -3.6906421e-02
  -3.6460526e-02
  -4.7086887e-02
  -5.9032042e-02
  -4.7396578e-02
   0.0000000e+00
   2.6453543e-02
  -3.0908301e-03
  -2.4778489e-04
  -1.7567456e-03
  -1.6687579e-02
  -2.7090557e-02
  -3.9132636e-02
  -6.3678429e-02
  -7.2383031e-02
  -0.0000000e+00
  -0.0000000e+00
  -0.0000000e+00
  -0.0000000e+00
  -0.0000000e+00
  -0.0000000e+00
  -1.6463075e-02
   1.2696992e-02
  -0.0000000e+00
   0.0000000e+00
   0.0000000e+00
   0.0000000e+00
  -0.0000000e+00
  -1.7984755e-02
   1.6977806e-03
  -5.4145679e-03
  -5.1242746e-03
  -1.9949214e-03
  -9.4174184e-03
  -1.7675292e-02
  -2.6751287e-02
  -3.4072213e-02
  -3.1023160e-02
  -4.2753633e-02
  -5.6754816e-02
  -4.2608220e-02
   0.0000000e+00
   4.9906157e-02
   1.2859589e-02
   7.6323310e-03
   5.9963674e-03
  -9.4192401e-03
  -1.7895272e-02
  -3.4386508e-02
  -6.0183529e-02
  -6.8641804e-02
  -0.0000000e+00
  -0.0000000e+00
  -0.0000000e+00
  -0.0000000e+00
  -0.0000000e+00
  -0.0000000e+00
  -0.0000000e+00
   0.0000000e+00
  -0.0000000e+00
   0.0000000e+00
   0.0000000e+00
   0.0000000e+00
  -0.0000000e+00
  -4.0584665e-02
  -1.3199570e-02
  -1.0158909e-02
  -2.9033052e-03
   6.5798774e-03
   2.8456310e-03
  -5.6536061e-03
  -1.6838752e-02
  -2.6371334e-02
  -2.1918747e-02
  -4.0535140e-02
  -5.7208112e-02
  -4.3076469e-02
   0.0000000e+00
   0.0000000e+00
   0.0000000e+00
   1.6143376e-02
   2.1603431e-02
   1.0746756e-02
  -1.8894601e-03
  -2.3135346e-02
  -4.7138187e-02
  -4.6698784e-02
  -0.0000000e+00
  -0.0000000e+00
  -6.8398728e-02
  -9.7126613e-02
  -0.0000000e+00
  -0.0000000e+00
  -0.0000000e+00
  -0.0000000e+00
   0.0000000e+00
   0.0000000e+00
   0.0000000e+00
   0.0000000e+00
  -0.0000000e+00
  -0.0000000e+00
  -2.1883115e-02
  -1.6566044e-02
  -8.3322055e-04
   1.4435443e-02
   1.3189840e-02
  -7.2032888e-04
  -1.3587159e-02
  -2.0046167e-02
  -1.8146068e-02
  -3.5763614e-02
  -4.0297296e-02
  -0.0000000e+00
   0.0000000e+00
   0.0000000e+00
   0.0000000e+00
   1.8230045e-02
   2.9253177e-02
   2.0559775e-02
   5.6903670e-03
  -9.3966508e-03
  -3.0881781e-02
  -3.7633158e-02
  -2.1353919e-02
  -1.4557618e-02
  -3.7302162e-02
  -4.7733244e-02
  -6.7836531e-02
  -0.0000000e+00
  -0.0000000e+00
  -0.0000000e+00
   0.0000000e+00
   0.0000000e+00
  -0.0000000e+00
  -0.0000000e+00
  -0.0000000e+00
  -0.0000000e+00
  -2.5562579e-02
  -2.0027159e-02
  -3.3584156e-04
   2.1334477e-02
   2.4587763e-02
   8.2141375e-03
  -6.3972748e-03
  -1.1813642e-02
  -1.2738564e-02
  -2.6078593e-02
  -1.5713714e-02
   0.0000000e+00
   0.0000000e+00
   0.0000000e+00
   0.0000000e+00
   1.1178973e-02
   2.7036216e-02
   2.3463089e-02
   1.2021099e-02
   3.4341116e-03
  -1.6393155e-02
  -2.5544906e-02
  -0.0000000e+00
  -6.6555412e-03
  -1.5559685e-02
  -0.0000000e+00
  -0.0000000e+00
  -0.0000000e+00
  -0.0000000e+00
  -0.0000000e+00
   0.0000000e+00
   0.0000000e+00
  -0.0000000e+00
  -0.0000000e+00
  -0.0000000e+00
   0.0000000e+00
  -2.0148600e-02
  -1.8689395e-02
  -2.9786627e-03
   2.9149027e-02
   4.3114278e-02
   2.9506503e-02
   1.2269169e-02
   4.0117780e-03
  -1.5292410e-03
  -1.7690230e-03
   3.5758892e-02
   0.0000000e+00
  -0.0000000e+00
  -0.0000000e+00
  -0.0000000e+00
  -0.0000000e+00
   2.8324446e-03
   1.2877461e-02
   1.8400148e-02
   1.9824667e-02
   5.3204777e-04
  -1.8343526e-03
   1.0439281e-02
   0.0000000e+00
  -0.0000000e+00
  -0.0000000e+00
  -0.0000000e+00
  -0.0000000e+00
  -0.0000000e+00
  -0.0000000e+00
   0.0000000e+00
   0.0000000e+00
  -0.0000000e+00
  -0.0000000e+00
  -0.0000000e+00
  -0.0000000e+00
  -0.0000000e+00
  -2.2536986e-02
  -1.2471534e-02
   7.3544062e-03
   2.7904350e-02
   2.8185839e-02
   1.8289261e-02
   9.6993186e-03
   7.1800617e-03
   2.7054057e-02
   1.0455021e-01
   0.0000000e+00
  -0.0000000e+00
  -0.0000000e+00
  -0.0000000e+00
  -0.0000000e+00
  -0.0000000e+00
  -8.7164249e-04
   3.2026071e-02
   3.8994603e-02
   6.2838742e-03
   8.9412341e-03
   1.7090568e-02
   0.0000000e+00
  -0.0000000e+00
  -0.0000000e+00
  -0.0000000e+00
  -0.0000000e+00
  -0.0000000e+00
  -0.0000000e+00
  -0.0000000e+00
  -0.0000000e+00
  -0.0000000e+00
  -0.0000000e+00
  -0.0000000e+00
  -0.0000000e+00
  -0.0000000e+00
  -3.2140464e-02
  -1.9417798e-02
  -1.1118189e-02
  -2.5241319e-03
  -4.0900265e-04
  -2.9909904e-03
  -2.0107199e-03
   1.1636106e-02
   4.6142451e-02
   0.0000000e+00
   0.0000000e+00
  -0.0000000e+00
  -0.0000000e+00
  -0.0000000e+00
  -0.0000000e+00
  -0.0000000e+00
  -2.0262666e-02
   1.5263640e-02
   2.9289754e-02
   7.9918187e-03
   4.1361898e-03
   0.0000000e+00
   0.0000000e+00
  -0.0000000e+00
  -0.0000000e+00
  -0.0000000e+00
  -0.0000000e+00
  -0.0000000e+00
  -0.0000000e+00
  -0.0000000e+00
   0.0000000e+00
   0.0000000e+00
  -0.0000000e+00
  -0.0000000e+00
  -0.0000000e+00
  -0.0000000e+00
  -0.0000000e+00
  -0.0000000e+00
  -1.7316001e-02
  -2.8033363e-02
  -3.7798874e-02
  -2.8759375e-02
  -1.4432354e-02
   1.3952022e-02
   0.0000000e+00
   0.0000000e+00
   0.0000000e+00
  -0.0000000e+00
  -0.0000000e+00
  -0.0000000e+00
  -0.0000000e+00
  -0.0000000e+00
  -3.1619538e-02
  -1.4442876e-02
  -4.3112272e-04
  -3.4062220e-03
  -4.7390251e-03
   3.0529287e-03
   0.0000000e+00
  -0.0000000e+00
  -0.0000000e+00
   0.0000000e+00
   0.0000000e+00
  -0.0000000e+00
  -0.0000000e+00
  -0.0000000e+00
   0.0000000e+00
   0.0000000e+00
   0.0000000e+00
   0.0000000e+00
  -0.0000000e+00
  -0.0000000e+00
  -0.0000000e+00
  -0.0000000e+00
  -0.0000000e+00
  -0.0000000e+00
  -0.0000000e+00
  -4.9852915e-02
  -0.0000000e+00
   0.0000000e+00
   0.0000000e+00
   0.0000000e+00
   0.0000000e+00
  -0.0000000e+00
  -0.0000000e+00
  -0.0000000e+00
  -0.0000000e+00
  -2.9034985e-02
  -3.0552341e-02
  -0.0000000e+00
  -0.0000000e+00
  -2.9549750e-02
  -3.5495605e-02
  -1.9499714e-02
  -7.2169714e-03
  -1.4776153e-02
  -0.0000000e+00
   0.0000000e+00
   0.0000000e+00
  -0.0000000e+00
  -0.0000000e+00
  -0.0000000e+00
  -0.0000000e+00
   0.0000000e+00
  -1.1022813e-02
  -4.8395945e-03
  -8.8579636e-03
  -1.4921494e-02
  -1.6201759e-02
  -1.1463733e-02
  -2.7483145e-02
  -6.4434998e-02
  -6.5004349e-02
  -3.4901317e-02
  -2.2309670e-02
   6.6559743e-03
   5.4209991e-03
   1.7498848e-03
  -3.4178011e-03
  -5.2296515e-03
  -2.0188840e-02
  -2.6905967e-02
  -1.9917564e-02
  -2.4310288e-03
   0.0000000e+00
   0.0000000e+00
   0.0000000e+00
  -0.0000000e+00
  -4.5097377e-02
  -5.9707921e-02
  -4.1807115e-02
  -3.5063118e-02
  -2.5456013e-02
  -1.2574884e-02
  -6.1856769e-03
  -3.1181615e-02
  -4.6405323e-02
  -2.8355112e-02
  -2.2116611e-02
  -2.2919791e-02
