   0.0000000e+00
   0.0000000e+00
   0.0000000e+00
   0.0000000e+00
   0.0000000e+00
   0.0000000e+00
   0.0000000e+00
   0.0000000e+00
   0.0000000e+00
   0.0000000e+00
   0.0000000e+00
   0.0000000e+00
   0.0000000e+00
   0.0000000e+00
   0.0000000e+00
   0.0000000e+00
   0.0000000e+00
   0.0000000e+00
   0.0000000e+00
   0.0000000e+00
   0.0000000e+00
   0.0000000e+00
  -0.0000000e+00
  -0.0000000e+00
  -0.0000000e+00
  -0.0000000e+00
  -0.0000000e+00
   0.0000000e+00
   0.0000000e+00
   0.0000000e+00
   0.0000000e+00
   0.0000000e+00
   0.0000000e+00
   0.0000000e+00
   0.0000000e+00
   0.0000000e+00
   0.0000000e+00
   5.0950892e-02
   6.4863361e-02
   6.2736966e-02
   9.2012115e-02
   5.5628132e-02
   6.0491152e-02
   4.0661424e-02
   1.7757239e-02
   3.8125999e-03
   5.1581594e-03
   9.2133628e-03
   1.3847966e-02
   1.7776333e-02
   1.9067740e-02
   2.2731176e-02
   2.0365201e-02
   1.1388688e-02
   8.8381590e-03
  -1.4813710e-03
  -5.7672447e-04
   7.8804735e-03
   1.6954882e-02
   2.1146771e-02
   2.0478059e-02
   2.1487927e-02
   2.7872469e-02
   3.4764286e-02
   3.5684459e-02
   6.2074229e-02
   1.5472950e-01
   1.4161591e-01
   1.3695848e-01
   6.6245660e-02
   2.9778723e-02
   0.0000000e+00
  -7.2984141e-03
  -5.3364430e-03
  -6.4272787e-03
  -7.7988566e-03
   4.4750874e-03
   2.5764488e-02
   2.6883816e-02
   8.6016115e-03
  -4.7648926e-03
  -3.4599684e-03
  -1.9678865e-03
  -4.1000238e-03
  -3.6872365e-03
  -7.3847366e-03
  -9.8967887e-03
   2.6601469e-03
   4.8721558e-03
  -8.5333958e-03
  -9.5498674e-03
  -4.0496346e-03
  -7.5919265e-03
   9.5944188e-04
   2.0840267e-02
   2.7893782e-02
   1.2576557e-02
  -2.7745104e-04
  -1.8705528e-03
   2.2179994e-03
   2.9289697e-03
  -3.3635849e-03
  -9.9309161e-04
   2.0703081e-02
   4.0929455e-02
   2.8025236e-02
   4.7678147e-03
  -7.9760216e-03
  -5.5701066e-02
  -5.4777034e-02
  -3.7559226e-02
  -2.6557527e-02
  -2.4865307e-02
  -1.7508408e-02
  -1.2585442e-02
  -1.8150704e-02
  -2.6568402e-02
  -2.7251741e-02
  -2.7532177e-02
  -2.2381518e-02
  -9.9776378e-03
  -2.9312070e-03
  -7.8609856e-03
  -2.8303941e-03
  -1.1600373e-02
  -4.0683299e-02
  -3.0433364e-02
  -1.1842513e-03
  -4.2200750e-03
  -9.7759464e-04
   1.6877407e-02
   1.6297318e-02
   2.8082938e-04
  -1.5116232e-02
  -2.4539663e-02
  -2.4989862e-02
  -2.5173537e-02
  -2.9879244e-02
  -3.1061066e-02
  -2.2823568e-02
  -1.0629617e-02
  -1.6939538e-02
  -3.2519262e-02
  -4.4675257e-02
  -5.5371031e-02
  -4.9424361e-02
  -3.4135446e-02
  -2.6613068e-02
  -2.5264626e-02
  -2.4740145e-02
  -1.8973976e-02
  -1.7606458e-02
  -3.2018434e-02
  -4.4933990e-02
  -3.7564099e-02
  -2.4671176e-02
  -9.3633961e-03
   1.9575576e-03
  -1.2452278e-02
  -1.8483922e-02
  -2.8758772e-02
  -5.6446720e-02
  -8.3032802e-02
  -0.0000000e+00
   1.5633658e-03
   5.8964514e-03
   1.0935087e-02
   2.9937155e-04
  -7.6785977e-03
  -2.2397552e-02
  -3.4047388e-02
  -3.7252784e-02
  -3.5917614e-02
  -2.8008128e-02
  -2.0040514e-02
  -1.9714750e-02
  -2.5303453e-02
  -3.6055021e-02
  -4.6079922e-02
  -5.0184831e-02
  -3.0449569e-02
  -2.1671044e-02
  -2.0322388e-02
  -2.1062138e-02
  -1.1665147e-02
  -1.0192461e-02
  -1.1479612e-02
  -1.3411141e-02
  -2.3873990e-02
  -3.0298062e-02
  -2.2508632e-02
  -1.6676322e-02
  -1.1900399e-02
  -4.3360251e-03
  -1.8137511e-02
  -2.5838284e-02
  -2.6642101e-02
  -3.1809300e-02
  -4.6077788e-02
   0.0000000e+00
   7.4829385e-03
   1.0361079e-02
   6.0357419e-03
  -1.2008870e-02
  -1.5509420e-02
  -3.2573320e-02
  -3.8160112e-02
  -3.0029299e-02
  -2.3706403e-02
  -1.8047836e-02
  -1.2467415e-02
  -1.3865368e-02
  -2.3385068e-02
  -3.1696785e-02
  -3.5529129e-02
  -3.3733759e-02
  -7.1310573e-03
   2.5842111e-03
  -4.3011433e-03
  -3.2707448e-03
   5.1500443e-03
   5.8652955e-04
  -6.6530532e-03
  -1.0448201e-02
  -1.3016786e-02
  -9.6359709e-03
  -7.6941065e-03
  -8.5940063e-03
  -1.1389155e-02
  -7.9115536e-03
  -1.7306006e-02
  -2.2490950e-02
  -1.6336944e-02
  -2.8303268e-03
   5.6671137e-03
   0.0000000e+00
   1.2448241e-02
   9.2118513e-03
   1.1805658e-03
  -1.8259726e-02
  -2.0671504e-02
  -3.5078261e-02
  -2.8165387e-02
  -1.2501754e-02
  -8.0096163e-03
  -1.1104936e-02
  -1.2086146e-02
  -1.1495944e-02
  -1.8319434e-02
  -2.0910069e-02
  -2.0430377e-02
  -1.6535256e-02
   1.0407678e-02
   1.9550465e-02
   1.5853936e-02
   3.6116503e-02
   0.0000000e+00
  -8.5807047e-04
  -9.0199174e-03
  -7.2173263e-03
  -1.0060600e-03
   7.6380296e-03
  -2.2624015e-03
  -2.5369507e-03
  -3.5573761e-03
  -2.2623541e-03
  -7.1584841e-03
  -7.9964806e-03
  -2.1234833e-03
   1.8223809e-02
   3.5090839e-02
   0.0000000e+00
   1.7251449e-02
   1.2418891e-03
  -5.6989756e-03
  -1.8940165e-02
  -2.2801656e-02
  -2.4063593e-02
   4.6609610e-03
   1.5519887e-02
   5.3699635e-03
  -8.9146286e-03
  -1.6608575e-02
  -1.0365121e-02
  -1.2044051e-02
  -7.2707029e-03
  -5.1266360e-03
  -2.8739061e-03
   3.7437193e-02
   1.0289500e-01
   8.0125280e-02
   0.0000000e+00
   0.0000000e+00
  -5.3186803e-03
   3.2497249e-03
   1.3234458e-02
   7.0285853e-03
   2.9795887e-03
  -9.3459357e-03
   3.4811208e-04
   6.2889233e-04
   6.0610012e-03
   2.9015020e-03
   2.4694202e-03
   1.0136778e-02
   3.7972674e-02
   2.6430782e-02
   0.0000000e+00
   0.0000000e+00
  -1.0020477e-02
  -7.6965801e-03
  -7.8188237e-03
  -7.1155848e-03
   1.5318832e-02
   5.3700723e-02
   3.7540887e-02
  -0.0000000e+00
  -7.6519749e-03
  -8.5354699e-03
   6.1600376e-03
   3.7701172e-03
   8.2143694e-03
   1.0076751e-02
   1.4505636e-02
   4.9398288e-02
   1.1328083e-01
   0.0000000e+00
   0.0000000e+00
  -0.0000000e+00
   1.5430481e-03
   1.3664776e-02
   2.2337878e-02
   1.0097559e-02
   2.4817642e-03
  -6.1009419e-03
   5.5006184e-03
   3.5976123e-03
   1.1472367e-02
   7.2556743e-03
   6.2317317e-03
   1.8007573e-02
   4.8528213e-02
   1.3921323e-02
   0.0000000e+00
   0.0000000e+00
  -1.0168740e-02
  -3.0981814e-03
  -8.7925000e-05
   1.6816356e-03
   3.2792136e-02
   6.8610668e-02
   3.5274260e-02
  -0.0000000e+00
  -7.5248349e-03
  -2.5784816e-03
   1.5399724e-02
   1.1783859e-02
   1.5040541e-02
   1.5874470e-02
   2.3427013e-02
   6.2751319e-02
   1.0565024e-01
   0.0000000e+00
   0.0000000e+00
  -0.0000000e+00
   1.5614343e-02
   2.8909280e-02
   3.2539220e-02
   1.3170666e-02
   3.0605600e-03
   2.1506510e-03
   1.4064985e-02
   7.7217241e-03
   1.8767369e-02
   1.2045758e-02
   9.8012943e-03
   2.8568663e-02
   6.1629982e-02
  -6.3399944e-03
  -0.0000000e+00
   0.0000000e+00
  -6.8256209e-03
   6.0133051e-03
   1.0581173e-02
   1.2849180e-02
   5.2332082e-02
   8.0328162e-02
   2.4028543e-02
  -0.0000000e+00
  -7.6960722e-03
   5.8018939e-03
   2.7112854e-02
   2.1467134e-02
   2.2642019e-02
   2.1672026e-02
   3.4279497e-02
   5.7565622e-02
   2.8587164e-02
  -0.0000000e+00
   0.0000000e+00
   0.0000000e+00
   4.0894330e-02
   3.8389783e-02
   2.8946687e-02
   1.2023853e-02
   1.0720080e-02
   1.3598396e-02
   2.0035682e-02
   1.3280342e-02
   2.4495637e-02
   1.8975783e-02
   1.8896230e-02
   4.4030774e-02
   6.0041141e-02
  -3.5004199e-02
  -0.0000000e+00
  -0.0000000e+00
  -0.0000000e+00
   1.4146457e-02
   2.0062797e-02
   2.5232449e-02
   5.9598628e-02
   5.3110182e-02
  -0.0000000e+00
  -0.0000000e+00
   6.8228408e-03
   1.8377788e-02
   3.3069253e-02
   2.5511909e-02
   2.7675610e-02
   3.0934379e-02
   4.7894444e-02
   5.3714924e-02
   6.2297173e-03
  -0.0000000e+00
   0.0000000e+00
   1.4087951e-02
   4.8335746e-02
   3.9588708e-02
   2.6644953e-02
   1.2231060e-02
   1.4620529e-02
   1.8359380e-02
   2.3210840e-02
   1.7184531e-02
   2.7644411e-02
   2.2663563e-02
   2.4316220e-02
   5.0508518e-02
   5.5699244e-02
  -4.8521791e-02
  -0.0000000e+00
  -0.0000000e+00
   0.0000000e+00
   1.8326810e-02
   2.4777500e-02
   3.0610440e-02
   6.1430186e-02
   4.2243298e-02
  -0.0000000e+00
   0.0000000e+00
   0.0000000e+00
   2.5097661e-02
   3.6315832e-02
   2.8117850e-02
   3.1527795e-02
   3.6550995e-02
   5.3435422e-02
   3.8508935e-02
   7.0008721e-03
   0.0000000e+00
   0.0000000e+00
   3.9566305e-02
   4.8779960e-02
   2.9403823e-02
   1.8490349e-02
   1.5753723e-02
   2.5457999e-02
   2.7607932e-02
   3.2534810e-02
   3.2031099e-02
   3.7256629e-02
   3.3501676e-02
   4.2312986e-02
   6.3307462e-02
   3.0476702e-02
  -0.0000000e+00
  -0.0000000e+00
  -0.0000000e+00
   0.0000000e+00
   3.0086183e-02
   3.7454214e-02
   4.2097073e-02
   5.9558702e-02
   2.3198426e-02
  -0.0000000e+00
   0.0000000e+00
   0.0000000e+00
   4.4945457e-02
   4.6131387e-02
   3.7392991e-02
   4.7032006e-02
   5.5508927e-02
   6.3645863e-02
   3.0706719e-02
   2.3113677e-02
   0.0000000e+00
   0.0000000e+00
   3.4455139e-02
   3.1781353e-02
   1.8656287e-02
   1.3013734e-02
   1.3930678e-02
   2.3688432e-02
   2.7353646e-02
   3.5376631e-02
   3.7060972e-02
   4.2313784e-02
   3.9760109e-02
   4.8773199e-02
   5.8575630e-02
   3.3819739e-02
  -0.0000000e+00
  -0.0000000e+00
   0.0000000e+00
   0.0000000e+00
   3.5052318e-02
   4.0045522e-02
   4.2552005e-02
   5.3442277e-02
   1.8511115e-02
  -0.0000000e+00
   0.0000000e+00
   0.0000000e+00
   4.5491029e-02
   4.3967493e-02
   3.9575737e-02
   4.8439629e-02
   5.3625688e-02
   5.3966746e-02
   2.0953174e-02
   0.0000000e+00
   2.2384711e-02
   2.2645390e-02
   2.8065669e-02
   1.0531395e-02
   5.2207945e-03
   6.1674217e-03
   1.1651689e-02
   2.1476300e-02
   2.7035766e-02
   3.8929184e-02
   4.3348820e-02
   4.8635737e-02
   4.7583778e-02
   5.6849109e-02
   5.2660371e-02
   3.7998865e-02
  -0.0000000e+00
   0.0000000e+00
   0.0000000e+00
   0.0000000e+00
   4.1260489e-02
   4.3284922e-02
   4.3120706e-02
   4.5796136e-02
   1.2651509e-02
   0.0000000e+00
   0.0000000e+00
   0.0000000e+00
   4.6173049e-02
   4.1262411e-02
   4.2304381e-02
   5.0199299e-02
   5.1271460e-02
   4.1866885e-02
   1.4828784e-02
   0.0000000e+00
   1.0982761e-02
   5.3448654e-03
   7.0136306e-03
  -4.1055251e-03
  -7.1728411e-03
  -5.6587197e-03
  -7.5401802e-04
   4.5923623e-03
   1.0656934e-02
   2.0124726e-02
   2.3097923e-02
   3.3368122e-02
   3.7397448e-02
   3.9250776e-02
   2.8404865e-02
   3.4741978e-03
  -0.0000000e+00
   0.0000000e+00
   0.0000000e+00
   0.0000000e+00
   2.7470144e-02
   2.8328028e-02
   3.3133950e-02
   3.4174498e-02
   2.6188260e-02
   0.0000000e+00
   0.0000000e+00
   0.0000000e+00
   3.2965362e-02
   2.4619546e-02
   3.0310627e-02
   2.9607279e-02
   2.8140923e-02
   1.8931994e-02
   0.0000000e+00
   0.0000000e+00
   6.6233335e-03
  -1.2698279e-03
  -1.0354193e-03
  -9.7018137e-03
  -1.1911431e-02
  -1.0180334e-02
  -5.4972235e-03
  -1.8630534e-03
   4.3946416e-03
   1.2935017e-02
   1.5355182e-02
   2.7530694e-02
   3.3502799e-02
   3.2522221e-02
   1.9130998e-02
  -9.7259849e-03
  -0.0000000e+00
   0.0000000e+00
   0.0000000e+00
   2.7204827e-02
   2.2197533e-02
   2.2609403e-02
   2.9315605e-02
   2.9731074e-02
   3.1363915e-02
   0.0000000e+00
   0.0000000e+00
   0.0000000e+00
   2.7915525e-02
   1.8256299e-02
   2.5724928e-02
   2.1734114e-02
   1.9297180e-02
   1.0163052e-02
   0.0000000e+00
  -0.0000000e+00
  -9.6018696e-03
  -1.9067174e-02
  -2.2420570e-02
  -3.1696253e-02
  -3.9710507e-02
  -4.1048270e-02
  -4.0254712e-02
  -4.4393446e-02
  -3.6526587e-02
  -2.4543811e-02
  -1.5215235e-02
  -2.1959511e-03
   6.1672502e-03
   4.7334214e-03
  -1.9345365e-03
  -7.8717200e-03
  -0.0000000e+00
  -0.0000000e+00
  -0.0000000e+00
  -9.3653025e-03
  -5.7246601e-03
   1.2062067e-03
   1.7156715e-02
   2.0916840e-02
   3.7525371e-02
   0.0000000e+00
   0.0000000e+00
   0.0000000e+00
   6.6891059e-02
   6.5847877e-03
   8.8052703e-03
   8.0311093e-03
   1.3168323e-02
   2.6511855e-03
   0.0000000e+00
  -5.3105415e-03
  -1.1387466e-02
  -2.0089317e-02
  -2.5710642e-02
  -3.4036145e-02
  -4.2360608e-02
  -4.5803212e-02
  -4.7025207e-02
  -5.2170128e-02
  -4.7205918e-02
  -3.7404604e-02
  -2.6633864e-02
  -1.4045179e-02
   3.4253555e-04
  -1.0449698e-04
  -6.2548788e-03
  -1.2218904e-02
  -0.0000000e+00
  -0.0000000e+00
  -3.0680884e-02
  -2.0261921e-02
  -1.4734092e-02
  -5.2544568e-03
   1.8722659e-02
   2.2597414e-02
   2.1718567e-02
   0.0000000e+00
   0.0000000e+00
   0.0000000e+00
   7.1035765e-02
   7.1888696e-03
   5.7001100e-03
   9.9180527e-03
   1.9554235e-02
   6.5117842e-03
   0.0000000e+00
   9.2066707e-04
  -1.6085281e-02
  -2.2422740e-02
  -3.4722488e-02
  -4.0161660e-02
  -4.9177404e-02
  -5.8829116e-02
  -6.5957043e-02
  -7.3806477e-02
  -7.7649057e-02
  -7.4559774e-02
  -5.9735711e-02
  -4.8478774e-02
  -1.6052006e-02
  -1.3508974e-02
  -1.8382106e-02
  -2.5385240e-02
  -0.0000000e+00
  -0.0000000e+00
  -4.4391938e-02
  -5.1541198e-02
  -4.0692877e-02
  -2.3811797e-02
   2.3945900e-02
   0.0000000e+00
  -0.0000000e+00
  -0.0000000e+00
  -0.0000000e+00
   0.0000000e+00
   0.0000000e+00
   9.4956800e-03
  -2.9417047e-03
   1.6172331e-02
   3.9037639e-02
   1.8449624e-02
   0.0000000e+00
   1.2675468e-02
  -9.2912009e-03
  -1.5623795e-02
  -2.8970495e-02
  -3.4201745e-02
  -4.2606309e-02
  -5.4122265e-02
  -6.1431818e-02
  -6.4193003e-02
  -6.8321109e-02
  -7.6480016e-02
  -6.7377016e-02
  -6.8592519e-02
  -2.2179566e-02
  -1.3578211e-02
  -6.2847883e-02
  -7.2606623e-02
  -0.0000000e+00
  -6.5786012e-02
  -4.9579602e-02
  -6.1138660e-02
  -5.0767928e-02
  -4.0734470e-02
  -2.9472498e-02
  -0.0000000e+00
  -0.0000000e+00
  -0.0000000e+00
  -0.0000000e+00
   0.0000000e+00
   0.0000000e+00
   7.9685776e-03
  -5.3249905e-03
   2.9004473e-02
   4.0236272e-02
   3.3299550e-02
   0.0000000e+00
   2.3154706e-02
  -3.2343757e-03
  -9.5626340e-03
  -2.3842669e-02
  -2.8888564e-02
  -3.6748277e-02
  -4.9926182e-02
  -5.7397646e-02
  -5.5622724e-02
  -6.0005388e-02
  -7.8191866e-02
  -7.4189133e-02
  -8.6523633e-02
  -2.7642200e-02
  -1.3639934e-02
  -1.0248850e-01
  -0.0000000e+00
  -2.6000330e-02
  -3.2505297e-02
  -5.4204335e-02
  -6.9694659e-02
  -5.9749690e-02
  -5.5820796e-02
  -7.7094251e-02
  -0.0000000e+00
  -0.0000000e+00
  -0.0000000e+00
  -0.0000000e+00
  -0.0000000e+00
   0.0000000e+00
   6.6071865e-03
  -7.4496561e-03
   4.0444140e-02
   4.1304836e-02
   4.6538047e-02
   0.0000000e+00
   2.0635154e-02
   6.3103666e-03
  -1.2914721e-03
  -1.6517803e-02
  -1.7664056e-02
  -2.4582131e-02
  -3.7398681e-02
  -4.4354159e-02
  -4.5090411e-02
  -4.2409293e-02
  -5.8688514e-02
  -5.9002589e-02
  -7.7650905e-02
  -2.1948768e-02
   1.4532492e-02
  -0.0000000e+00
  -3.5550643e-02
  -1.4558144e-02
  -2.2316668e-02
  -3.8629770e-02
  -4.9820431e-02
  -5.4322299e-02
  -6.4409539e-02
  -7.2901443e-02
  -0.0000000e+00
  -0.0000000e+00
  -0.0000000e+00
  -0.0000000e+00
  -0.0000000e+00
  -0.0000000e+00
   8.4107341e-03
  -1.3441656e-02
   0.0000000e+00
   5.1506050e-02
   9.0032741e-02
   0.0000000e+00
   9.9259866e-03
   6.1985212e-03
   4.1402757e-04
  -1.3606380e-02
  -1.2934997e-02
  -1.9114811e-02
  -3.1174745e-02
  -3.8002424e-02
  -4.1497443e-02
  -3.7388772e-02
  -5.1634643e-02
  -5.4532327e-02
  -7.2949439e-02
  -1.5982142e-02
   0.0000000e+00
  -1.1368471e-02
  -1.5815066e-02
  -8.0106780e-03
  -1.7548643e-02
  -3.1650376e-02
  -4.2238228e-02
  -5.2196737e-02
  -6.5575853e-02
  -7.0485070e-02
  -0.0000000e+00
  -0.0000000e+00
  -0.0000000e+00
  -0.0000000e+00
  -0.0000000e+00
  -0.0000000e+00
   5.8309818e-03
  -1.0351321e-02
   0.0000000e+00
   0.0000000e+00
   0.0000000e+00
   0.0000000e+00
  -0.0000000e+00
  -1.4772633e-03
   9.5421567e-04
  -7.5377273e-03
  -2.5675876e-03
  -6.5149125e-03
  -1.5829630e-02
  -2.2538176e-02
  -3.5138817e-02
  -3.0684438e-02
  -3.8261772e-02
  -4.8198537e-02
  -6.0910808e-02
   3.5126664e-03
   0.0000000e+00
   1.1428384e-02
   2.9777950e-03
   9.4474118e-03
  -6.2411445e-03
  -1.5598874e-02
  -2.7038200e-02
  -4.7826518e-02
  -6.3724117e-02
  -6.4019315e-02
  -0.0000000e+00
  -0.0000000e+00
  -0.0000000e+00
  -0.0000000e+00
  -0.0000000e+00
  -0.0000000e+00
  -5.8284580e-03
   6.5178519e-03
  -0.0000000e+00
   0.0000000e+00
   0.0000000e+00
   0.0000000e+00
  -0.0000000e+00
  -1.4972571e-02
  -5.7980502e-03
  -7.9664439e-03
   7.9863652e-04
   1.5870032e-03
  -7.0609166e-03
  -1.4570647e-02
  -2.8851513e-02
  -2.5314333e-02
  -3.2390881e-02
  -5.0826579e-02
  -5.2826595e-02
   8.4693264e-03
   0.0000000e+00
   5.3638842e-02
   2.8126040e-02
   1.7357713e-02
   7.5204610e-03
  -2.2820532e-03
  -1.7800815e-02
  -3.9147180e-02
  -5.9063770e-02
  -5.0232634e-02
  -0.0000000e+00
  -0.0000000e+00
  -0.0000000e+00
  -0.0000000e+00
  -0.0000000e+00
  -0.0000000e+00
  -0.0000000e+00
   0.0000000e+00
   0.0000000e+00
   0.0000000e+00
   0.0000000e+00
   0.0000000e+00
  -0.0000000e+00
  -2.3817427e-02
  -1.1727558e-02
  -8.7226089e-03
   3.9681443e-03
   8.4480494e-03
  -9.1716531e-05
  -9.2739128e-03
  -2.3858868e-02
  -2.1166831e-02
  -2.8096847e-02
  -5.0427623e-02
  -4.5670565e-02
   1.7221291e-02
   0.0000000e+00
   0.0000000e+00
   0.0000000e+00
   2.1548625e-02
   1.8054564e-02
   7.3182844e-03
  -1.0194803e-02
  -3.0759675e-02
  -5.3298797e-02
  -3.9269898e-02
  -0.0000000e+00
  -0.0000000e+00
  -7.9899549e-02
  -1.0363020e-01
  -0.0000000e+00
  -0.0000000e+00
  -0.0000000e+00
  -0.0000000e+00
   0.0000000e+00
   0.0000000e+00
   0.0000000e+00
  -0.0000000e+00
  -0.0000000e+00
  -0.0000000e+00
  -2.4678323e-02
  -1.2191710e-02
   1.1912529e-02
   2.2219156e-02
   1.1630344e-02
  -5.8427973e-03
  -1.5484493e-02
  -1.4828397e-02
  -2.2842058e-02
  -3.6599122e-02
  -2.9768742e-02
   0.0000000e+00
   0.0000000e+00
   0.0000000e+00
   0.0000000e+00
   1.7511545e-02
   3.3639379e-02
   1.8263495e-02
   3.9963730e-03
  -8.7748135e-03
  -3.2701329e-02
  -2.0802446e-02
  -7.7825599e-03
  -1.4155942e-02
  -2.1542456e-02
  -3.6917228e-02
  -2.0776125e-02
  -0.0000000e+00
  -0.0000000e+00
  -0.0000000e+00
   0.0000000e+00
   0.0000000e+00
  -0.0000000e+00
  -0.0000000e+00
  -0.0000000e+00
  -0.0000000e+00
  -2.2946101e-02
  -1.3010101e-02
   1.2888513e-02
   3.4886144e-02
   3.1148756e-02
   1.2556799e-02
   1.0504788e-03
  -3.4773003e-03
  -8.9063095e-03
  -3.1622106e-03
   4.1942313e-02
   0.0000000e+00
  -0.0000000e+00
   0.0000000e+00
   0.0000000e+00
  -1.9986217e-03
   1.8647680e-02
   1.5318620e-02
   1.6643083e-02
   6.1358372e-03
  -1.3347625e-02
  -2.3634876e-03
   0.0000000e+00
  -4.5144199e-03
  -2.4818774e-02
  -0.0000000e+00
  -0.0000000e+00
  -0.0000000e+00
  -0.0000000e+00
  -0.0000000e+00
   0.0000000e+00
   0.0000000e+00
  -0.0000000e+00
  -0.0000000e+00
  -0.0000000e+00
  -0.0000000e+00
  -2.5134161e-02
  -1.5628390e-02
   5.5462471e-03
   3.0441912e-02
   3.5083111e-02
   2.1270562e-02
   1.0507993e-02
   3.4348099e-03
   4.5359894e-03
   3.0281512e-02
   9.8441020e-02
   0.0000000e+00
  -0.0000000e+00
  -0.0000000e+00
  -0.0000000e+00
  -0.0000000e+00
   1.2025761e-05
   1.4585356e-02
   3.1020708e-02
   1.7041825e-02
  -2.1680756e-03
   9.5354253e-03
   1.3051238e-02
  -0.0000000e+00
  -0.0000000e+00
  -0.0000000e+00
  -0.0000000e+00
  -0.0000000e+00
  -0.0000000e+00
  -0.0000000e+00
   0.0000000e+00
  -0.0000000e+00
  -0.0000000e+00
  -0.0000000e+00
  -0.0000000e+00
  -0.0000000e+00
  -0.0000000e+00
  -2.0674055e-02
  -8.2665896e-03
   9.6823638e-03
   2.0299722e-02
   1.5331110e-02
   8.7328311e-03
   5.9607252e-03
   1.7432148e-02
   6.9442369e-02
   1.3636872e-01
   0.0000000e+00
  -0.0000000e+00
  -0.0000000e+00
  -0.0000000e+00
  -0.0000000e+00
  -0.0000000e+00
   9.5634349e-03
   3.8817767e-02
   2.2974364e-02
   2.4938914e-03
   1.4240302e-02
   1.3022730e-02
  -0.0000000e+00
  -0.0000000e+00
  -0.0000000e+00
  -0.0000000e+00
  -0.0000000e+00
  -0.0000000e+00
  -0.0000000e+00
  -0.0000000e+00
  -0.0000000e+00
  -0.0000000e+00
  -0.0000000e+00
  -0.0000000e+00
  -0.0000000e+00
  -0.0000000e+00
  -2.6082195e-02
  -1.7764309e-02
  -1.7036967e-02
  -1.7341269e-02
  -1.7479904e-02
  -1.4461855e-02
   3.0310256e-03
   2.5870543e-02
   1.0022292e-01
   0.0000000e+00
   0.0000000e+00
  -0.0000000e+00
  -0.0000000e+00
  -0.0000000e+00
  -0.0000000e+00
  -0.0000000e+00
  -1.2733193e-02
   1.4340987e-02
   1.4068853e-02
  -5.4549461e-04
   5.8219195e-03
   0.0000000e+00
  -0.0000000e+00
  -0.0000000e+00
  -0.0000000e+00
   0.0000000e+00
  -0.0000000e+00
  -0.0000000e+00
  -0.0000000e+00
  -0.0000000e+00
   0.0000000e+00
   0.0000000e+00
  -0.0000000e+00
  -0.0000000e+00
  -0.0000000e+00
  -0.0000000e+00
  -0.0000000e+00
  -0.0000000e+00
  -3.0068096e-02
  -5.2338734e-02
  -4.9230009e-02
  -3.3463825e-02
   1.0440235e-02
   4.1701108e-02
   0.0000000e+00
   0.0000000e+00
   0.0000000e+00
  -0.0000000e+00
  -0.0000000e+00
  -0.0000000e+00
  -0.0000000e+00
  -0.0000000e+00
  -3.5553150e-02
  -1.9540858e-02
  -1.3506014e-02
  -1.8099844e-02
  -1.3410757e-02
  -1.8529156e-03
  -0.0000000e+00
  -0.0000000e+00
   0.0000000e+00
   0.0000000e+00
  -0.0000000e+00
  -0.0000000e+00
  -0.0000000e+00
   0.0000000e+00
   0.0000000e+00
   0.0000000e+00
   0.0000000e+00
   0.0000000e+00
  -0.0000000e+00
  -0.0000000e+00
  -0.0000000e+00
  -0.0000000e+00
  -0.0000000e+00
  -0.0000000e+00
  -0.0000000e+00
  -3.6869939e-02
   0.0000000e+00
   0.0000000e+00
   0.0000000e+00
   0.0000000e+00
  -0.0000000e+00
  -0.0000000e+00
  -0.0000000e+00
  -0.0000000e+00
  -0.0000000e+00
  -8.4155351e-03
  -1.4129511e-02
  -0.0000000e+00
  -0.0000000e+00
  -3.9946161e-02
  -5.0793421e-02
  -3.3472605e-02
  -2.1457644e-02
  -3.1250834e-02
  -0.0000000e+00
  -0.0000000e+00
  -0.0000000e+00
  -0.0000000e+00
  -0.0000000e+00
  -0.0000000e+00
  -0.0000000e+00
  -0.0000000e+00
  -7.1945727e-03
  -5.2245188e-03
  -6.8024705e-03
  -7.8135747e-03
  -6.6814425e-03
  -7.6861819e-03
  -1.7264476e-02
  -2.7886275e-02
  -2.3850907e-02
  -1.6572017e-02
  -5.5471131e-03
   1.3076328e-03
   3.7269044e-03
   5.0412795e-03
   4.3587442e-03
   1.2787855e-03
   4.0856778e-04
   6.5601466e-03
   1.3481486e-02
   2.7753701e-02
   0.0000000e+00
   0.0000000e+00
   0.0000000e+00
  -0.0000000e+00
  -3.1043453e-02
  -3.8322831e-02
  -2.8598288e-02
  -1.9858048e-02
  -1.1560421e-02
  -7.7422625e-03
  -1.0121472e-02
  -1.7679784e-02
  -1.6621905e-02
  -1.1790539e-02
  -1.2980883e-02
  -9.4784645e-03
