   1.9897234e+00
   4.3742757e+00
   5.7598925e+00
   6.3333774e+00
   6.2939386e+00
   5.5747561e+00
   3.9499645e+00
   1.7807602e+00
  -3.4621978e-01
  -1.6955717e+00
  -3.0224605e+00
  -3.6984069e+00
  -3.5244718e+00
  -3.1159163e+00
  -2.6454844e+00
  -2.2418468e+00
  -2.0060256e+00
  -1.8743072e+00
  -1.8215630e+00
  -1.9369040e+00
  -2.3428848e+00
  -2.9873791e+00
  -3.8997746e+00
  -4.6818471e+00
  -4.9539490e+00
  -4.7425303e+00
  -4.1880307e+00
  -3.3822405e+00
  -2.3825350e+00
  -1.5464245e+00
  -1.2201629e+00
  -1.6020859e+00
  -2.5188890e+00
  -3.1447470e+00
  -2.5144026e+00
  -5.8885550e-01
  -4.6964550e+00
  -3.9897270e+00
  -3.5122352e+00
  -2.9589019e+00
  -2.3298576e+00
  -2.0673947e+00
  -2.5521507e+00
  -3.0845630e+00
  -2.9622974e+00
  -2.1581233e+00
  -1.0039706e+00
  -9.8339796e-02
   1.7655002e-01
  -3.2489706e-02
  -2.2096877e-01
  -2.9483059e-01
  -5.8787441e-01
  -8.4763771e-01
  -7.2563040e-01
  -2.8097111e-01
   2.0739587e-01
   5.1666635e-01
   3.3454412e-01
  -3.6555797e-01
  -1.3052912e+00
  -2.3756056e+00
  -3.4943485e+00
  -4.3774891e+00
  -5.0590062e+00
  -5.4885497e+00
  -5.2591853e+00
  -4.8771057e+00
  -5.0339479e+00
  -5.7664404e+00
  -6.0594735e+00
  -5.5583334e+00
  -1.1058834e+00
  -1.4901100e+00
  -1.0461164e+00
  -6.5132570e-01
  -4.9761176e-01
  -4.2059606e-01
  -6.1217993e-01
  -8.3734053e-01
  -8.9828765e-01
  -8.5793543e-01
  -5.8045542e-01
  -7.6159924e-02
   3.4212431e-01
   5.9147942e-01
   1.0399392e+00
   1.8808270e+00
   2.3635027e+00
   2.6411371e+00
   2.9261396e+00
   2.4302833e+00
   1.5987021e+00
   1.3675535e+00
   1.4131659e+00
   1.4475813e+00
   1.5621271e+00
   1.4906344e+00
   1.6590452e+00
   2.2729855e+00
   2.4063172e+00
   1.2155794e+00
  -1.6227019e-01
  -8.2751286e-01
  -6.4583802e-01
  -8.9124210e-02
   1.6933237e-01
  -2.2097737e-01
   7.3431911e+00
   6.8998709e+00
   6.9240632e+00
   6.3319359e+00
   5.4557977e+00
   5.4244595e+00
   5.7141099e+00
   5.4265070e+00
   4.6219964e+00
   3.6992004e+00
   3.4051971e+00
   3.5759189e+00
   3.8853989e+00
   3.9353018e+00
   3.6234965e+00
   3.9260721e+00
   4.6506963e+00
   5.5276046e+00
   6.7474604e+00
   6.6221132e+00
   5.3376436e+00
   4.5972328e+00
   3.9800992e+00
   3.8426833e+00
   3.9675975e+00
   3.7652225e+00
   4.3589807e+00
   5.8378534e+00
   7.2613449e+00
   7.4948192e+00
   6.8117471e+00
   5.8497601e+00
   5.5711637e+00
   6.4827561e+00
   7.4010377e+00
   7.7379236e+00
   1.1792386e+01
   1.1183222e+01
   1.0544848e+01
   9.6812296e+00
   8.6639147e+00
   8.2974453e+00
   8.5040340e+00
   8.4340944e+00
   8.0101719e+00
   7.4854965e+00
   7.5115466e+00
   7.3139925e+00
   7.1749511e+00
   7.0276794e+00
   6.4240923e+00
   6.3114009e+00
   6.9199109e+00
   7.1656737e+00
   7.9026861e+00
   8.0728149e+00
   7.1370306e+00
   7.0038948e+00
   6.5724874e+00
   6.9339380e+00
   7.4138131e+00
   7.5431919e+00
   8.3131886e+00
   9.0496540e+00
   9.9054298e+00
   1.0448993e+01
   1.0736583e+01
   1.0452005e+01
   1.0281753e+01
   1.0931403e+01
   1.1282358e+01
   1.1663912e+01
   1.1066923e+01
   1.0139343e+01
   9.2948122e+00
   8.9541721e+00
   8.5097322e+00
   7.8642526e+00
   8.0541868e+00
   8.4693518e+00
   8.5992870e+00
   8.2777252e+00
   8.2775545e+00
   7.9254165e+00
   7.8169498e+00
   7.8945894e+00
   7.7175999e+00
   7.2989430e+00
   7.5775504e+00
   6.8309894e+00
   6.8570995e+00
   6.8871775e+00
   6.1045094e+00
   6.9626732e+00
   7.4593196e+00
   8.4979687e+00
   9.3031769e+00
   9.8375635e+00
   1.0331981e+01
   9.7762737e+00
   9.7302036e+00
   9.8325815e+00
   1.0500660e+01
   1.0962398e+01
   1.1189296e+01
   1.1598392e+01
   1.1370461e+01
   1.1293487e+01
   8.3451490e+00
   7.1470947e+00
   6.2788424e+00
   6.5319524e+00
   6.8443594e+00
   6.0073552e+00
   6.3520627e+00
   7.0176487e+00
   7.2809305e+00
   6.8594670e+00
   6.8255959e+00
   6.6218281e+00
   6.8416605e+00
   7.2021847e+00
   7.6033735e+00
   6.8266454e+00
   6.7963328e+00
   5.3808851e+00
   5.1699224e+00
   4.9821286e+00
   3.8754632e+00
   5.5091453e+00
   6.8663502e+00
   8.2868032e+00
   9.1255493e+00
   9.7550535e+00
   9.5645065e+00
   7.9462085e+00
   7.5634947e+00
   7.3368697e+00
   8.3508911e+00
   9.3502998e+00
   9.7624989e+00
   9.9875298e+00
   9.5873146e+00
   9.2254953e+00
   4.2655391e+00
   2.8768302e+00
   1.9882065e+00
   2.7310981e+00
   3.9762875e+00
   2.9741310e+00
   3.6706365e+00
   4.1509079e+00
   3.9428969e+00
   3.1832524e+00
   3.3847421e+00
   3.7023037e+00
   4.4799961e+00
   5.0547729e+00
   6.0906499e+00
   4.7830884e+00
   4.5092250e+00
   2.8510710e+00
   3.0454685e+00
   2.6762253e+00
   5.8550409e-01
   2.7354357e+00
   4.7327201e+00
   6.1556265e+00
   6.6588143e+00
   6.9627087e+00
   5.5379988e+00
   3.1197458e+00
   3.1897757e+00
   2.9937915e+00
   4.6932866e+00
   6.0673469e+00
   6.2822226e+00
   6.3117703e+00
   6.2100735e+00
   5.9552431e+00
  -4.7388494e-02
  -1.1524159e-01
  -9.8883271e-01
  -6.5540063e-01
   1.2119223e+00
   4.0199086e-03
   2.7118155e-01
  -8.1085414e-02
  -4.2012551e-01
  -8.0895483e-01
  -1.6091788e-01
  -5.7782538e-02
   3.6921543e-01
   2.1979848e-01
   1.4524111e+00
   4.5466733e-01
   6.8963963e-01
  -4.8247939e-01
   1.2017815e+00
   7.6507318e-01
  -2.2551358e+00
  -9.1476810e-01
   6.8647534e-01
   1.7126126e+00
   1.5338163e+00
   9.7275466e-01
  -5.3327018e-01
  -9.2672896e-01
  -2.6775879e-01
  -1.5456476e+00
  -2.0456722e-01
   1.1839520e+00
   1.1580155e+00
   9.5862609e-01
   9.5520204e-01
   1.0796474e+00
  -2.0742922e+00
  -8.3749551e-01
  -1.5124146e+00
  -1.6839025e+00
   1.3213098e-02
  -1.5873972e+00
  -1.7403672e+00
  -2.2094748e+00
  -2.1461403e+00
  -2.3167582e+00
  -1.7005686e+00
  -1.9100189e+00
  -1.7034454e+00
  -2.2672217e+00
  -1.1359419e+00
  -1.8412004e+00
  -1.3778143e+00
  -2.2807698e+00
   5.6646430e-01
   2.2419503e-01
  -2.8313181e+00
  -2.3397884e+00
  -1.4055045e+00
  -6.7510563e-01
  -1.1809038e+00
  -2.0299866e+00
  -2.7612457e+00
  -1.3059250e+00
  -8.8737404e-01
  -2.9812839e+00
  -2.5005598e+00
  -1.4180684e+00
  -1.5052536e+00
  -1.7732998e+00
  -1.9599496e+00
  -1.7966492e+00
  -4.4229433e+00
  -1.2071420e+00
  -1.5209412e+00
  -2.4910007e+00
  -1.3071608e+00
  -3.5650616e+00
  -4.3540409e+00
  -4.7710467e+00
  -3.9244819e+00
  -3.8122258e+00
  -3.3980792e+00
  -4.1144516e+00
  -4.2012881e+00
  -5.2957685e+00
  -4.4143091e+00
  -4.6802992e+00
  -3.9595648e+00
  -4.5227907e+00
  -1.1780382e-02
  -1.5843453e-01
  -2.9805292e+00
  -3.7925868e+00
  -3.9596536e+00
  -3.6465953e+00
  -4.5357424e+00
  -5.6376220e+00
  -4.9156830e+00
  -7.0511564e-01
  -9.1850937e-01
  -4.1681143e+00
  -5.1570511e+00
  -4.6428939e+00
  -4.7655751e+00
  -5.0865753e+00
  -5.6422748e+00
  -5.5291859e+00
  -5.6608372e+00
  -9.7932041e-01
  -6.4611948e-01
  -2.9534230e+00
  -3.4410419e+00
  -6.1106839e+00
  -6.7346792e+00
  -6.5108805e+00
  -5.5044727e+00
  -5.8612537e+00
  -6.0059953e+00
  -6.3344154e+00
  -5.8838944e+00
  -6.6508121e+00
  -6.0997891e+00
  -6.2813187e+00
  -6.1710572e+00
  -5.5260019e+00
   9.7007847e-01
   1.4568934e-01
  -1.6319984e+00
  -3.4742835e+00
  -5.1948061e+00
  -5.7866220e+00
  -6.1348009e+00
  -6.4366922e+00
  -3.8651152e+00
   5.9749192e-01
  -1.0149541e+00
  -3.7293568e+00
  -6.2060833e+00
  -6.6050653e+00
  -6.6026096e+00
  -6.8287921e+00
  -7.2185011e+00
  -7.3618531e+00
  -6.0915766e+00
  -1.0889271e+00
  -4.8798570e-01
  -3.2230959e+00
  -4.2830877e+00
  -6.8539915e+00
  -7.2652025e+00
  -6.9068475e+00
  -6.0797014e+00
  -6.6572461e+00
  -7.0201221e+00
  -7.1879334e+00
  -6.5874710e+00
  -7.1931748e+00
  -6.7583442e+00
  -6.8785210e+00
  -6.9203963e+00
  -5.6509624e+00
   1.2539955e+00
   1.0378898e-01
  -1.1959294e+00
  -3.3220272e+00
  -5.6026092e+00
  -6.6155605e+00
  -6.6875610e+00
  -6.5476074e+00
  -3.3349411e+00
   8.5278422e-01
  -1.2786639e+00
  -3.6402414e+00
  -6.5622802e+00
  -7.2876096e+00
  -7.2127752e+00
  -7.3826494e+00
  -7.6441464e+00
  -7.8464217e+00
  -6.5448352e+00
  -2.2338268e+00
  -1.1188877e+00
  -4.0997498e+00
  -5.7117231e+00
  -6.8595636e+00
  -6.1999315e+00
  -6.1819445e+00
  -6.8237440e+00
  -7.9473362e+00
  -8.6687296e+00
  -8.5279015e+00
  -7.9715486e+00
  -8.1501392e+00
  -7.8441933e+00
  -7.7255751e+00
  -7.5989376e+00
  -4.5608105e+00
   1.2380655e+00
  -7.4552780e-01
  -9.1785582e-01
  -2.9356061e+00
  -5.9119054e+00
  -7.9472979e+00
  -7.2493246e+00
  -5.7533073e+00
  -1.8797430e+00
   4.2339357e-02
  -2.8106865e+00
  -3.8929014e+00
  -6.8889911e+00
  -8.0046662e+00
  -7.6964823e+00
  -7.6800218e+00
  -7.4225666e+00
  -7.5216301e+00
  -6.0083227e+00
  -2.7115734e+00
  -1.7074486e+00
  -3.9598002e+00
  -4.9297547e+00
  -5.1798363e+00
  -4.5460515e+00
  -5.0101404e+00
  -6.1193419e+00
  -7.1063595e+00
  -7.9073877e+00
  -8.0959663e+00
  -7.8929811e+00
  -7.9595494e+00
  -7.7859478e+00
  -7.5054717e+00
  -6.8559132e+00
  -3.6843076e+00
   3.5342383e-01
  -1.3549639e+00
  -1.2633333e+00
  -2.9223757e+00
  -5.8114519e+00
  -7.6710773e+00
  -7.2207065e+00
  -5.9642472e+00
  -2.2297361e+00
  -7.5196910e-01
  -3.1794128e+00
  -4.2874537e+00
  -6.4066362e+00
  -7.5764995e+00
  -7.4118929e+00
  -7.2416162e+00
  -6.9593334e+00
  -6.7348738e+00
  -5.3376301e+00
  -3.3088038e+00
  -2.4432084e+00
  -3.7848495e+00
  -3.9522152e+00
  -3.0800086e+00
  -2.4785364e+00
  -3.5452696e+00
  -5.2387702e+00
  -6.0550548e+00
  -6.9556341e+00
  -7.5560014e+00
  -7.7947650e+00
  -7.7212929e+00
  -7.7131364e+00
  -7.2303196e+00
  -5.9270584e+00
  -2.5885913e+00
  -7.5246653e-01
  -2.1168199e+00
  -1.6952148e+00
  -2.9058369e+00
  -5.6858743e+00
  -7.3257735e+00
  -7.1849311e+00
  -6.2279434e+00
  -2.6672620e+00
  -1.7449339e+00
  -3.6403583e+00
  -4.7806833e+00
  -5.8036422e+00
  -7.0412499e+00
  -7.0561272e+00
  -6.6935660e+00
  -6.3802452e+00
  -5.7513498e+00
  -2.9880352e+00
  -2.6114497e+00
  -2.7594991e+00
  -3.4446771e+00
  -3.2459347e+00
  -2.5436156e+00
  -2.8448067e+00
  -3.8946986e+00
  -4.8612862e+00
  -5.2462373e+00
  -5.8176556e+00
  -6.2102909e+00
  -6.0364652e+00
  -5.3702402e+00
  -5.4895949e+00
  -5.4537840e+00
  -4.3103032e+00
  -2.0586970e+00
  -1.7293631e+00
  -1.5781475e+00
  -1.6488923e+00
  -2.3981547e+00
  -4.5287585e+00
  -4.8765535e+00
  -4.8575110e+00
  -4.8717589e+00
  -2.1394119e+00
  -1.1714207e+00
  -2.5866787e+00
  -4.3758125e+00
  -3.5568669e+00
  -4.3784409e+00
  -4.8787422e+00
  -4.5946469e+00
  -3.9067676e+00
  -3.1693380e+00
  -2.0896896e+00
  -2.3448227e+00
  -2.8804301e+00
  -3.3146154e+00
  -2.9758952e+00
  -2.3385305e+00
  -2.9848469e+00
  -4.0283003e+00
  -4.7169590e+00
  -4.9369937e+00
  -5.3825603e+00
  -5.6957703e+00
  -5.3641956e+00
  -4.4713367e+00
  -4.6394458e+00
  -4.7745420e+00
  -3.6921525e+00
  -1.8560969e+00
  -2.1028706e+00
  -1.3721911e+00
  -1.6311813e+00
  -2.2040473e+00
  -4.0863457e+00
  -3.9401180e+00
  -3.9676442e+00
  -4.3532345e+00
  -1.9375930e+00
  -9.5214313e-01
  -2.1838145e+00
  -4.2210141e+00
  -2.6978326e+00
  -3.3603408e+00
  -4.0462400e+00
  -3.7921450e+00
  -2.9610565e+00
  -2.1821298e+00
   2.6404110e-01
  -1.6612244e+00
  -3.7970026e+00
  -5.1782432e+00
  -5.7880898e+00
  -6.3815031e+00
  -7.2453227e+00
  -7.5334296e+00
  -7.2496634e+00
  -7.2300220e+00
  -6.7140188e+00
  -5.9361563e+00
  -4.6908422e+00
  -3.1031857e+00
  -2.4622149e+00
  -3.2601626e+00
  -3.0992577e+00
  -2.5369394e+00
  -2.5482984e+00
  -1.4955778e+00
  -2.9647741e+00
  -3.1187253e+00
  -3.5044537e+00
  -1.5860263e+00
   8.3807540e-01
   7.1954751e-01
   1.5744295e+00
   1.2406244e+00
  -4.2452747e-01
  -2.4100935e+00
  -1.0694786e+00
  -3.1905380e-01
  -7.4686003e-01
   4.1573745e-01
   2.6056190e+00
   2.1201673e+00
   3.8853461e-01
  -1.6636328e+00
  -3.9863725e+00
  -5.6838613e+00
  -6.4713058e+00
  -7.1364870e+00
  -7.8135214e+00
  -8.1046162e+00
  -7.9233413e+00
  -7.8416362e+00
  -7.2433357e+00
  -6.4342608e+00
  -5.2406039e+00
  -3.7308741e+00
  -2.7269466e+00
  -3.4220445e+00
  -3.3060989e+00
  -2.9662185e+00
  -3.0859354e+00
  -2.3725941e+00
  -3.8694029e+00
  -3.9860477e+00
  -3.9930291e+00
  -1.9087763e+00
   1.0647382e+00
   9.0370184e-01
   1.4362026e+00
   8.7792015e-01
  -5.0721991e-01
  -1.9508201e+00
  -1.2928314e+00
  -2.1913439e-01
  -1.3171384e-01
   1.3381529e+00
   3.2836325e+00
   2.5146956e+00
   6.6495730e-01
  -1.6994648e+00
  -4.5182177e+00
  -7.1282943e+00
  -8.4108021e+00
  -9.2406051e+00
  -9.3461605e+00
  -9.6778310e+00
  -9.8458017e+00
  -9.5872532e+00
  -8.7813720e+00
  -7.9239420e+00
  -6.9240196e+00
  -5.6779656e+00
  -3.6150516e+00
  -3.9727685e+00
  -3.9536609e+00
  -4.2302560e+00
  -4.6860679e+00
  -5.0080181e+00
  -6.5373637e+00
  -6.5592013e+00
  -5.4883964e+00
  -2.9789608e+00
   1.5462603e+00
   1.2460700e+00
   8.7317922e-01
  -3.0581703e-01
  -8.2975313e-01
  -6.4372374e-01
  -2.0334013e+00
  -4.5448561e-02
   1.5824622e+00
   3.9394917e+00
   5.0922972e+00
   3.5226875e+00
   1.2200265e+00
  -1.1507406e+00
  -3.9290891e+00
  -6.7602515e+00
  -8.1761255e+00
  -9.0280933e+00
  -9.2588406e+00
  -9.8833332e+00
  -1.0247152e+01
  -9.9161634e+00
  -9.2814207e+00
  -8.6511908e+00
  -7.8908777e+00
  -6.6052642e+00
  -3.9008021e+00
  -3.7382989e+00
  -4.0767040e+00
  -5.1811075e+00
  -6.3208599e+00
  -6.7861538e+00
  -7.7233438e+00
  -7.7070622e+00
  -6.3449178e+00
  -4.1339092e+00
   4.6670809e-03
  -1.0371708e+00
  -1.6398997e+00
  -2.4580159e+00
  -1.7288625e+00
  -1.4960271e-01
  -2.0374734e+00
   2.1366802e-01
   2.5474899e+00
   4.6579518e+00
   3.7214205e+00
   2.9830723e+00
   1.7148629e+00
  -6.6156078e-01
  -3.4038883e+00
  -6.4321468e+00
  -7.9669145e+00
  -8.8386427e+00
  -9.1809954e+00
  -1.0066535e+01
  -1.0604948e+01
  -1.0209382e+01
  -9.7272077e+00
  -9.2995219e+00
  -8.7528179e+00
  -7.4319367e+00
  -4.1555450e+00
  -3.5292730e+00
  -4.1863952e+00
  -6.0287783e+00
  -7.7782542e+00
  -8.3713380e+00
  -8.7806281e+00
  -8.7303644e+00
  -7.1084948e+00
  -5.1635295e+00
  -1.3696413e+00
  -3.0726477e+00
  -3.8802741e+00
  -4.3766707e+00
  -2.5304059e+00
   2.9089917e-01
  -2.0411039e+00
   4.4466699e-01
   3.4077985e+00
   5.2984487e+00
   2.4993038e+00
   2.5020132e+00
   2.8848500e+00
  -5.7074249e-01
  -2.8554215e+00
  -5.2462378e+00
  -6.7356720e+00
  -7.6597023e+00
  -9.0365276e+00
  -1.0145427e+01
  -1.0204996e+01
  -9.8281994e+00
  -9.4925060e+00
  -9.2652607e+00
  -8.4179373e+00
  -6.1362209e+00
  -1.8705688e+00
  -9.3975919e-01
  -3.5066731e+00
  -6.3462286e+00
  -8.1091471e+00
  -8.5314655e+00
  -8.5598574e+00
  -8.1390743e+00
  -6.9519129e+00
  -5.5764670e+00
  -2.4606998e+00
  -3.5980058e+00
  -4.3644028e+00
  -4.8629093e+00
  -2.6117611e+00
   1.9648355e-01
  -9.3274921e-01
   1.5222833e+00
   4.0454316e+00
   4.9448924e+00
   1.2834959e+00
   3.5155652e+00
   2.7796276e+00
  -1.0812190e+00
  -2.9951560e+00
  -4.8646193e+00
  -6.0349693e+00
  -6.8378477e+00
  -8.4969082e+00
  -9.6535807e+00
  -9.5782137e+00
  -9.3172951e+00
  -9.0341797e+00
  -8.8603907e+00
  -7.8117385e+00
  -5.1763391e+00
  -7.5956386e-01
   1.2857406e-01
  -3.1686215e+00
  -5.9419475e+00
  -7.4304557e+00
  -7.9852858e+00
  -8.0712996e+00
  -7.5847592e+00
  -6.7445097e+00
  -5.5865154e+00
  -2.6540411e+00
  -3.2928567e+00
  -4.0809808e+00
  -4.6385078e+00
  -2.3362148e+00
   1.9144113e-01
  -4.8769981e-01
   1.8282729e+00
   3.9753461e+00
   4.6805105e+00
   1.5155876e+00
   4.1468520e+00
   1.4735958e+00
  -3.1868400e+00
  -3.9681343e+00
  -4.2401870e+00
  -4.1717080e+00
  -4.4515694e+00
  -6.4532156e+00
  -7.6313221e+00
  -7.3802500e+00
  -7.5674839e+00
  -7.3831963e+00
  -7.2708847e+00
  -5.6466161e+00
  -2.3277735e+00
   1.9426950e+00
   2.4299029e+00
  -2.3346202e+00
  -4.0883948e+00
  -4.4718049e+00
  -5.6847076e+00
  -6.2891439e+00
  -5.8208698e+00
  -6.0355542e+00
  -5.3138369e+00
  -2.5990795e+00
  -1.6773676e+00
  -2.5834141e+00
  -3.3748404e+00
  -1.1751473e+00
   2.4283505e-01
   4.4856887e-01
   2.2329660e+00
   3.2127364e+00
   3.8934056e+00
   3.3625413e+00
   5.8980255e+00
  -4.4855881e-01
  -4.0677533e+00
  -3.8737812e+00
  -3.1952870e+00
  -2.0287108e+00
  -1.7878239e+00
  -3.1879420e+00
  -4.1058397e+00
  -4.3391562e+00
  -4.8679485e+00
  -4.5569744e+00
  -4.1263766e+00
  -2.3835630e+00
  -3.9075762e-02
   3.1646867e+00
   3.2290931e+00
  -1.2508901e+00
  -1.3838004e+00
  -1.0194283e+00
  -2.2497365e+00
  -3.0794165e+00
  -3.5014002e+00
  -4.4739261e+00
  -4.2063141e+00
  -2.6607370e+00
  -1.8626087e+00
  -2.8301067e+00
  -2.8647332e+00
  -1.5357335e-01
   1.2580272e+00
   1.4012845e+00
   2.1058085e+00
   2.4449716e+00
   3.4805183e+00
   5.0151882e+00
   5.9168820e+00
  -1.5250907e+00
  -4.2212939e+00
  -3.4450817e+00
  -2.1964240e+00
  -3.7450117e-01
   2.2369550e-01
  -5.9876746e-01
  -1.2624921e+00
  -1.7943214e+00
  -2.4743526e+00
  -2.0750875e+00
  -1.4449438e+00
   2.0605254e-01
   1.5706016e+00
   3.9176912e+00
   3.7781076e+00
  -4.0684593e-01
   5.5870485e-01
   1.4327358e+00
   3.8244897e-01
  -4.7892669e-01
  -1.5239828e+00
  -2.9343474e+00
  -3.0491323e+00
  -2.5063844e+00
  -1.8936574e+00
  -2.7912385e+00
  -2.1981177e+00
   6.9852763e-01
   2.0600498e+00
   2.0448878e+00
   1.8547587e+00
   1.8557438e+00
   3.1812751e+00
   5.9300661e+00
   5.7107196e+00
  -9.4958088e-01
  -1.5885741e+00
  -8.5322141e-01
   3.7431305e-01
   2.1486727e+00
   3.0486462e+00
   3.7244422e+00
   3.7387443e+00
   3.1621608e+00
   2.8636290e+00
   3.3458365e+00
   4.0290517e+00
   4.5416677e+00
   3.1708615e+00
   4.0301032e+00
   4.2458016e+00
   9.2141122e-01
   2.7308435e+00
   4.0143152e+00
   4.2921362e+00
   4.1566539e+00
   2.5104637e+00
   1.2336004e+00
   3.6200820e-01
  -1.1711968e+00
  -1.3314092e+00
  -1.4832723e+00
   3.0458634e-01
   2.3442300e+00
   3.3834801e+00
   2.5265957e+00
   6.3920294e-01
   9.7561970e-01
   2.8308690e+00
   5.3605688e+00
   4.1942832e+00
   2.0985289e+00
   1.4128559e+00
   1.0251101e+00
   1.7143874e+00
   2.7927556e+00
   3.4219742e+00
   4.8691120e+00
   5.6878891e+00
   5.9262075e+00
   6.3842068e+00
   6.6472187e+00
   6.7278590e+00
   5.7877269e+00
   3.3048310e+00
   4.1048713e+00
   4.1645947e+00
   9.0438759e-01
   2.0729518e+00
   3.1291986e+00
   4.1558976e+00
   5.2526093e+00
   4.6787405e+00
   4.0032701e+00
   2.7457118e+00
   9.6850622e-01
   9.1231078e-01
   1.2902660e+00
   2.8985281e+00
   3.1466792e+00
   3.0432909e+00
   1.5714198e+00
  -7.8313613e-01
   3.9324203e-01
   2.5864458e+00
   3.9786470e+00
   3.9624481e+00
   4.3805027e+00
   3.1036439e+00
   1.8226449e+00
   2.1112323e+00
   2.6656101e+00
   3.0902982e+00
   4.5222702e+00
   5.5580540e+00
   6.4629102e+00
   7.6186819e+00
   7.8067884e+00
   7.2963257e+00
   5.7239676e+00
   3.5061173e+00
   4.3877649e+00
   3.6830108e+00
   2.9346305e-01
   9.5529985e-01
   2.0330007e+00
   3.4115438e+00
   5.0089321e+00
   5.2671037e+00
   5.1847906e+00
   3.9460616e+00
   2.5357199e+00
   2.4605703e+00
   2.7539706e+00
   3.9362559e+00
   3.1794198e+00
   2.4502573e+00
   1.0492936e+00
  -8.2745433e-01
   4.9049920e-01
   2.3095660e+00
   2.9411607e+00
   4.0820613e+00
   5.6936803e+00
   3.5749707e+00
   1.7535745e+00
   1.7154548e+00
   1.7609222e+00
   1.8983805e+00
   2.6084616e+00
   3.4031084e+00
   4.8315191e+00
   6.5046449e+00
   6.6098189e+00
   5.6315198e+00
   4.3486490e+00
   3.5834928e+00
   4.5062842e+00
   2.6337309e+00
  -6.7780954e-01
  -2.4235009e-01
   1.0734211e+00
   2.3492763e+00
   3.5709953e+00
   4.1553288e+00
   4.5326276e+00
   3.8342433e+00
   3.3927085e+00
   3.2540843e+00
   3.0954616e+00
   3.7046368e+00
   2.5816619e+00
   1.6502045e+00
   9.5318836e-01
   2.2688678e-01
   1.0893877e+00
   1.9025915e+00
   2.1193087e+00
   4.2738471e+00
   4.7098055e+00
   2.6129701e+00
   1.2796299e+00
   1.0261761e+00
   4.4437256e-01
  -2.8571010e-02
  -2.5101849e-01
   1.9783397e-01
   1.6341217e+00
   2.9560864e+00
   2.6560595e+00
   1.8941402e+00
   2.0023675e+00
   2.8042834e+00
   3.2404714e+00
   9.6426010e-01
  -9.8790127e-01
  -3.2193858e-02
   1.4273411e+00
   1.8285922e+00
   1.4275233e+00
   9.7294450e-01
   1.1857777e+00
   1.6470442e+00
   2.3545752e+00
   2.4400196e+00
   2.3765581e+00
   2.8203437e+00
   1.8021241e+00
   8.7464070e-01
   1.0667441e+00
   1.2687232e+00
   1.4841917e+00
   1.3207045e+00
   1.6934894e+00
   3.7989020e+00
   2.8464105e+00
   1.7370926e+00
   1.4015969e+00
   1.1118135e+00
   8.8718385e-02
  -8.4153783e-01
  -1.0115309e+00
  -5.8563083e-01
   5.7397321e-02
   1.5125319e-01
  -4.8088843e-01
  -4.8168510e-01
   2.9282719e-01
   8.7827098e-01
   5.3534901e-01
  -4.5071402e-01
  -2.9210085e-01
   9.0248883e-01
   1.3315686e+00
   4.1081780e-01
  -1.2560871e+00
  -2.4784787e+00
  -2.3876107e+00
  -1.4064254e+00
  -5.2926135e-01
   1.4311394e-01
   1.2470604e+00
   2.1951578e+00
   9.3314940e-01
  -6.4876008e-01
  -4.7201496e-01
   5.1834577e-01
   8.7084979e-01
   9.8322749e-01
   1.6564323e+00
   2.8047936e+00
   5.7891375e-01
   2.0696074e-01
   2.1101737e-01
   5.5480830e-02
  -4.2819291e-01
  -6.6327751e-01
  -3.1756815e-01
  -3.4868307e-02
  -2.8072232e-01
  -9.2381799e-01
  -1.2325577e+00
  -6.9607145e-01
  -9.8140121e-02
  -1.5006609e-01
  -6.4556175e-01
  -6.5663671e-01
  -8.5855410e-02
   1.7460173e-01
  -4.8920691e-01
  -1.5171084e+00
  -1.7189312e+00
  -1.0796430e+00
  -3.2928765e-01
  -4.0341282e-01
  -1.3117183e+00
  -1.7578998e+00
  -1.4160483e+00
  -8.2206148e-01
  -1.0192648e+00
  -1.6531609e+00
  -1.3870125e+00
  -5.9205782e-01
  -6.6830255e-02
   3.2198676e-01
   6.5612048e-01
   8.1779653e-01
  -1.4418761e+00
  -1.4646961e+00
  -1.3716332e+00
  -1.2683887e+00
  -1.1397388e+00
  -8.4043386e-01
  -4.7816025e-01
  -4.5298294e-01
  -7.9447343e-01
  -1.2626395e+00
  -1.5749321e+00
  -1.5811659e+00
  -1.4603056e+00
  -1.3768619e+00
  -1.3341187e+00
  -1.2819615e+00
  -1.3021465e+00
  -1.4048563e+00
  -1.3860725e+00
  -8.4079871e-01
   5.8368881e-01
   2.3073791e+00
   3.4806498e+00
   3.3808479e+00
   1.9296869e+00
   2.9410273e-01
  -7.8082119e-01
  -1.2614584e+00
  -1.2431959e+00
  -9.7607665e-01
  -7.4117339e-01
  -6.8544473e-01
  -8.5993238e-01
  -1.1415815e+00
  -1.3186985e+00
  -1.3973292e+00
