   0.0000000e+00
   0.0000000e+00
   0.0000000e+00
   0.0000000e+00
   0.0000000e+00
   0.0000000e+00
   0.0000000e+00
   0.0000000e+00
  -0.0000000e+00
  -0.0000000e+00
  -0.0000000e+00
  -0.0000000e+00
  -0.0000000e+00
  -0.0000000e+00
  -0.0000000e+00
  -0.0000000e+00
  -0.0000000e+00
  -0.0000000e+00
  -0.0000000e+00
  -0.0000000e+00
  -0.0000000e+00
  -0.0000000e+00
  -0.0000000e+00
  -0.0000000e+00
  -0.0000000e+00
  -0.0000000e+00
  -0.0000000e+00
  -0.0000000e+00
  -0.0000000e+00
  -0.0000000e+00
  -0.0000000e+00
  -0.0000000e+00
  -0.0000000e+00
  -0.0000000e+00
  -0.0000000e+00
   0.0000000e+00
  -0.0000000e+00
  -5.4454025e-02
  -4.8724614e-02
  -4.4465840e-02
  -4.7869626e-02
  -4.3052007e-02
  -5.0443340e-02
  -5.0922353e-02
  -4.0451851e-02
  -2.3017792e-02
  -6.0420362e-03
   3.1703632e-04
  -9.2721538e-04
  -7.4765347e-03
  -1.1746122e-02
  -1.1640794e-02
  -1.4920082e-02
  -1.7481590e-02
  -2.2438353e-02
  -8.5102012e-03
  -2.2020494e-03
  -3.2761149e-04
  -5.7187448e-03
  -1.1996978e-02
  -2.2660734e-02
  -3.8555149e-02
  -5.3979892e-02
  -6.3981846e-02
  -6.8422839e-02
  -9.2085823e-02
  -1.4646479e-01
  -1.0312953e-01
  -1.0790167e-01
  -1.0331605e-01
  -8.5197337e-02
  -0.0000000e+00
  -2.8803909e-02
  -2.8057491e-02
  -1.9217180e-02
  -1.6123395e-02
  -1.5143941e-02
  -1.5957916e-02
  -1.7651519e-02
  -1.7743805e-02
  -1.6346065e-02
  -1.4973805e-02
  -9.5654251e-03
  -1.3061422e-03
   6.3286214e-03
   1.1458402e-02
   2.2005210e-02
   3.5464488e-02
   4.1528236e-02
   4.5287058e-02
   4.3067157e-02
   2.4621641e-02
   1.3165107e-02
   1.5180570e-02
   1.7751560e-02
   1.9757411e-02
   2.0612650e-02
   2.1004997e-02
   2.8631210e-02
   3.9697133e-02
   3.1944647e-02
   9.1471197e-03
  -1.0457896e-02
  -1.6009290e-02
  -6.2799831e-03
   6.0108909e-03
   4.2430381e-03
  -1.1831751e-02
   1.1419100e-01
   1.0792939e-01
   1.0594600e-01
   9.3595266e-02
   8.6813554e-02
   8.9088857e-02
   8.8464819e-02
   8.0998018e-02
   6.3159816e-02
   4.9888317e-02
   4.8851129e-02
   5.3915609e-02
   6.1830200e-02
   6.0493797e-02
   5.8523476e-02
   6.8147510e-02
   8.1238851e-02
   1.0126113e-01
   1.1692853e-01
   9.4180830e-02
   7.3883399e-02
   6.3474581e-02
   5.9081968e-02
   6.4917937e-02
   6.2579416e-02
   6.4359978e-02
   8.5494928e-02
   1.1492252e-01
   1.3177158e-01
   1.3011515e-01
   1.1529916e-01
   9.8925218e-02
   1.0317822e-01
   1.2153600e-01
   1.3224705e-01
   1.2943836e-01
   1.9602343e-01
   1.8159884e-01
   1.6687340e-01
   1.4750797e-01
   1.3587904e-01
   1.3668080e-01
   1.3502741e-01
   1.2792572e-01
   1.1828117e-01
   1.1698317e-01
   1.1431041e-01
   1.0667642e-01
   1.0735547e-01
   1.0157089e-01
   9.4101042e-02
   1.0376693e-01
   1.1210053e-01
   1.3439597e-01
   3.0321538e-01
   0.0000000e+00
   1.0897261e-01
   1.0631422e-01
   1.0488982e-01
   1.2389261e-01
   1.2692685e-01
   1.3281365e-01
   1.4610058e-01
   1.5737689e-01
   1.6880156e-01
   1.8197836e-01
   1.8730296e-01
   1.8071389e-01
   1.8884298e-01
   1.9784555e-01
   2.0039526e-01
   2.0509332e-01
   1.6842762e-01
   1.5278904e-01
   1.4207877e-01
   1.3654511e-01
   1.2537041e-01
   1.1909543e-01
   1.2427656e-01
   1.2698631e-01
   1.2254671e-01
   1.2157581e-01
   1.1737037e-01
   1.0832710e-01
   1.1179626e-01
   1.1276855e-01
   1.0673773e-01
   1.0906769e-01
   1.0638465e-01
   1.1258350e-01
   3.1361324e-01
   0.0000000e+00
   9.6091554e-02
   1.1152396e-01
   1.1970376e-01
   1.4596123e-01
   1.5228122e-01
   1.6312407e-01
   1.5965219e-01
   1.5094283e-01
   1.5181543e-01
   1.6104515e-01
   1.7499322e-01
   1.7742772e-01
   1.8905185e-01
   1.9243824e-01
   1.8363126e-01
   1.7993486e-01
   1.1009949e-01
   9.7340867e-02
   9.2461810e-02
   1.1835339e-01
   1.0514758e-01
   8.2555562e-02
   9.3555510e-02
   1.0137993e-01
   9.6715920e-02
   9.1917790e-02
   8.9454010e-02
   8.6257353e-02
   9.3821332e-02
   1.0240565e-01
   9.8884903e-02
   9.1829173e-02
   8.2323499e-02
   7.2994806e-02
   2.3399176e-01
   0.0000000e+00
   6.4883195e-02
   9.2481039e-02
   1.0854731e-01
   1.3393341e-01
   1.4047278e-01
   1.5005611e-01
   1.3018678e-01
   1.1386110e-01
   1.0983738e-01
   1.1351894e-01
   1.3174231e-01
   1.3849665e-01
   1.4748447e-01
   1.4920439e-01
   1.3811913e-01
   1.2678960e-01
   4.4390764e-02
   3.7713420e-02
   3.2640364e-02
   1.1469639e-01
   0.0000000e+00
   3.7884173e-02
   4.9266421e-02
   5.0731683e-02
   4.2429049e-02
   3.6409262e-02
   4.1448403e-02
   4.9101850e-02
   5.7016867e-02
   7.0572362e-02
   6.9627080e-02
   5.3462781e-02
   4.4960076e-02
   2.6639268e-02
   1.1382600e-01
   0.0000000e+00
   2.0925459e-02
   5.0811774e-02
   7.1764998e-02
   8.7979551e-02
   9.2866367e-02
   9.1474929e-02
   5.5101956e-02
   4.5853597e-02
   4.2928977e-02
   4.6160167e-02
   7.0570740e-02
   7.8223318e-02
   7.6286287e-02
   7.8313961e-02
   7.7773109e-02
   6.6290684e-02
  -1.8337285e-03
  -1.1331388e-02
  -4.2023662e-02
   0.0000000e+00
   0.0000000e+00
   2.2866263e-03
   3.9887973e-03
  -1.9901006e-03
  -4.8045106e-03
  -2.0169280e-03
   6.6622524e-03
   9.4067510e-03
   8.0945203e-03
   1.2521468e-02
   1.6500812e-02
   7.4148602e-03
   5.1264581e-03
  -4.0816600e-03
   6.6355966e-02
  -0.0000000e+00
  -0.0000000e+00
   1.2354627e-03
   1.8504441e-02
   2.4728613e-02
   1.7685279e-02
   8.5086972e-03
  -1.2514984e-02
  -3.4295628e-03
  -0.0000000e+00
  -1.4775022e-02
   8.2312599e-03
   1.6752344e-02
   1.0733661e-02
   9.9851890e-03
   1.1625916e-02
   9.7102644e-03
  -1.8740989e-02
  -1.7146820e-02
  -0.0000000e+00
  -0.0000000e+00
  -0.0000000e+00
  -1.6449090e-02
  -1.8357854e-02
  -2.2098035e-02
  -2.0265318e-02
  -1.5903810e-02
  -1.0455561e-02
  -1.1994804e-02
  -1.6572965e-02
  -1.5805937e-02
  -9.7719431e-03
  -1.3908704e-02
  -1.6115926e-02
  -1.7114533e-02
   4.9859658e-02
  -0.0000000e+00
  -0.0000000e+00
  -1.9266659e-02
  -6.5457248e-03
  -4.1845632e-03
  -1.4117287e-02
  -2.4925351e-02
  -2.6972992e-02
  -5.3848224e-03
  -0.0000000e+00
  -3.7019372e-02
  -1.8532952e-02
  -1.1752868e-02
  -1.8109385e-02
  -1.8549893e-02
  -1.8992510e-02
  -1.6402708e-02
  -3.5041409e-02
  -1.2110941e-02
  -0.0000000e+00
  -0.0000000e+00
  -0.0000000e+00
  -3.9529640e-02
  -4.4981456e-02
  -4.2207766e-02
  -3.3577426e-02
  -2.9144743e-02
  -3.0816523e-02
  -3.8670057e-02
  -4.6301181e-02
  -4.9344520e-02
  -4.1107174e-02
  -3.8400481e-02
  -4.2453514e-02
  -3.1256481e-02
   3.4716114e-02
  -0.0000000e+00
  -0.0000000e+00
  -4.1112455e-02
  -3.5585877e-02
  -3.7132446e-02
  -4.8556692e-02
  -5.9870171e-02
  -3.1893119e-02
   6.8378922e-03
  -0.0000000e+00
  -5.8427083e-02
  -4.7815187e-02
  -4.4520820e-02
  -5.0189052e-02
  -4.9170909e-02
  -5.4151441e-02
  -4.6334540e-02
  -3.8415767e-02
   2.3702669e-03
  -0.0000000e+00
  -0.0000000e+00
  -0.0000000e+00
  -6.9204934e-02
  -6.7150131e-02
  -5.4449849e-02
  -4.7539458e-02
  -5.1645830e-02
  -5.3528361e-02
  -5.3077441e-02
  -5.4475840e-02
  -5.9342474e-02
  -5.4533079e-02
  -5.4718759e-02
  -6.6784278e-02
  -2.9912401e-02
   3.2347590e-02
  -0.0000000e+00
  -0.0000000e+00
  -0.0000000e+00
  -4.5438185e-02
  -5.2591860e-02
  -5.6293748e-02
  -5.8688819e-02
  -1.1901269e-02
   0.0000000e+00
  -0.0000000e+00
  -1.0276242e-01
  -1.1255238e-01
  -5.9213527e-02
  -6.6086084e-02
  -6.1131228e-02
  -7.2660446e-02
  -6.5269016e-02
  -3.9625484e-02
   5.0136619e-03
  -0.0000000e+00
  -0.0000000e+00
  -9.0854906e-02
  -7.5793162e-02
  -7.0571952e-02
  -5.7287596e-02
  -5.2915297e-02
  -6.0655348e-02
  -6.2698871e-02
  -5.9355106e-02
  -5.8800392e-02
  -6.3534059e-02
  -5.9760544e-02
  -6.0691550e-02
  -7.3163599e-02
  -2.6293766e-02
   3.2932285e-02
  -0.0000000e+00
  -0.0000000e+00
  -0.0000000e+00
  -4.9684867e-02
  -5.9011441e-02
  -5.8039427e-02
  -5.5477098e-02
  -5.6121610e-03
   0.0000000e+00
  -0.0000000e+00
  -0.0000000e+00
  -1.2391833e-01
  -6.4390637e-02
  -7.0843443e-02
  -6.4710103e-02
  -7.7277564e-02
  -7.0594631e-02
  -4.1092351e-02
  -5.2623790e-03
  -0.0000000e+00
  -0.0000000e+00
  -6.4797721e-02
  -6.2352411e-02
  -5.0777335e-02
  -5.2522385e-02
  -6.1393508e-02
  -7.6567935e-02
  -7.9258660e-02
  -7.2853380e-02
  -7.1418861e-02
  -7.1829471e-02
  -6.8290725e-02
  -6.8582779e-02
  -6.8501287e-02
  -5.3104679e-03
   0.0000000e+00
  -0.0000000e+00
  -0.0000000e+00
  -0.0000000e+00
  -5.8614896e-02
  -7.1437204e-02
  -5.4717000e-02
  -3.6831465e-02
  -2.6315516e-03
  -0.0000000e+00
  -0.0000000e+00
  -0.0000000e+00
  -7.5046055e-02
  -7.0190669e-02
  -7.1629467e-02
  -6.5299013e-02
  -7.2197443e-02
  -6.9314999e-02
  -3.7349615e-02
  -2.7153155e-02
  -0.0000000e+00
  -0.0000000e+00
  -5.0350785e-02
  -4.1643757e-02
  -3.5107490e-02
  -4.1610833e-02
  -5.1422827e-02
  -6.3595675e-02
  -6.9658637e-02
  -6.9678873e-02
  -7.0349395e-02
  -7.0331849e-02
  -6.8243682e-02
  -6.4193547e-02
  -5.4637045e-02
  -9.7180791e-03
  -0.0000000e+00
  -0.0000000e+00
  -0.0000000e+00
  -0.0000000e+00
  -5.7460256e-02
  -6.7482442e-02
  -5.6162361e-02
  -3.6876727e-02
  -6.7476449e-03
  -0.0000000e+00
  -0.0000000e+00
  -0.0000000e+00
  -6.6439480e-02
  -6.6213965e-02
  -6.4547271e-02
  -6.1178107e-02
  -6.3821256e-02
  -5.8943313e-02
  -3.2670830e-02
  -0.0000000e+00
  -3.4044851e-02
  -3.8528982e-02
  -3.2290671e-02
  -1.5755880e-02
  -1.5518622e-02
  -2.7970299e-02
  -3.8958501e-02
  -4.7379051e-02
  -5.7657656e-02
  -6.5710424e-02
  -6.9012457e-02
  -6.8459655e-02
  -6.8184869e-02
  -5.8706575e-02
  -3.7305349e-02
  -1.5228032e-02
  -0.0000000e+00
  -0.0000000e+00
  -0.0000000e+00
  -0.0000000e+00
  -5.6016845e-02
  -6.2538596e-02
  -5.7969215e-02
  -3.6933315e-02
  -1.1893172e-02
  -0.0000000e+00
  -0.0000000e+00
  -0.0000000e+00
  -5.5680396e-02
  -6.1242689e-02
  -5.5693818e-02
  -5.6026576e-02
  -5.3350180e-02
  -4.5977665e-02
  -3.3946387e-02
  -0.0000000e+00
  -2.2896569e-02
  -2.2965703e-02
  -1.7500596e-02
  -1.1771804e-02
  -1.6321594e-02
  -2.3837276e-02
  -2.9068064e-02
  -3.2368451e-02
  -3.8690705e-02
  -4.1826073e-02
  -3.8952224e-02
  -3.8013335e-02
  -4.3313034e-02
  -3.6870256e-02
  -2.0832621e-02
  -3.1814188e-02
  -0.0000000e+00
  -0.0000000e+00
  -0.0000000e+00
  -0.0000000e+00
  -3.4808528e-02
  -3.2264464e-02
  -3.7510969e-02
  -2.6470717e-02
  -1.3477188e-02
  -0.0000000e+00
  -0.0000000e+00
  -0.0000000e+00
  -2.6020447e-02
  -3.4791391e-02
  -3.1998258e-02
  -3.0876638e-02
  -2.7242681e-02
  -2.3273239e-02
  -0.0000000e+00
  -0.0000000e+00
  -1.8634130e-02
  -1.7015229e-02
  -1.1845749e-02
  -1.0248529e-02
  -1.6628604e-02
  -2.2257054e-02
  -2.5286548e-02
  -2.6629288e-02
  -3.1438873e-02
  -3.2694120e-02
  -2.7458981e-02
  -2.6372472e-02
  -3.3803524e-02
  -2.8521340e-02
  -1.4534425e-02
  -3.8155742e-02
  -0.0000000e+00
  -0.0000000e+00
  -0.0000000e+00
  -2.4882931e-02
  -2.6699724e-02
  -2.0689435e-02
  -2.9688950e-02
  -2.2470442e-02
  -1.4082821e-02
  -0.0000000e+00
  -0.0000000e+00
  -0.0000000e+00
  -1.4680243e-02
  -2.4677984e-02
  -2.2938476e-02
  -2.1260791e-02
  -1.7260725e-02
  -1.4592413e-02
  -0.0000000e+00
  -0.0000000e+00
  -2.5680177e-02
  -3.6497645e-02
  -4.0953416e-02
  -5.1907077e-02
  -6.2705994e-02
  -6.0716819e-02
  -5.9280053e-02
  -5.7415597e-02
  -4.8440564e-02
  -3.4649715e-02
  -2.1660216e-02
  -1.0913994e-02
  -1.2911140e-02
  -1.5439666e-02
  -1.2204893e-02
  -1.8228563e-02
  -0.0000000e+00
  -0.0000000e+00
  -0.0000000e+00
  -1.6919626e-02
  -1.3742108e-02
   8.2166796e-04
   3.9795963e-03
   5.8687069e-03
   2.5596809e-02
   0.0000000e+00
  -0.0000000e+00
  -0.0000000e+00
  -2.3520114e-03
  -1.6784692e-03
  -1.7212151e-03
   1.3119719e-02
   1.8671688e-02
   7.2152093e-03
  -0.0000000e+00
  -4.2465676e-02
  -3.4511875e-02
  -4.4192746e-02
  -5.0870657e-02
  -6.1898611e-02
  -7.1252279e-02
  -7.1663395e-02
  -7.1432538e-02
  -6.8415806e-02
  -5.9204325e-02
  -4.4926301e-02
  -3.1280614e-02
  -1.7671313e-02
  -1.5657011e-02
  -1.9237103e-02
  -1.5571763e-02
  -2.4082053e-02
  -0.0000000e+00
  -0.0000000e+00
  -3.3980921e-02
  -2.5660999e-02
  -1.8960351e-02
  -8.4361527e-06
   1.4238726e-02
   1.0143183e-02
   2.2335738e-02
   0.0000000e+00
  -0.0000000e+00
  -0.0000000e+00
  -8.3664171e-03
   2.2607245e-03
   3.5927203e-03
   2.3642659e-02
   2.9131411e-02
   1.2190005e-02
  -0.0000000e+00
  -5.3491572e-02
  -6.0808387e-02
  -6.6547117e-02
  -7.9513172e-02
  -9.0240047e-02
  -9.5057504e-02
  -1.0301408e-01
  -1.0660080e-01
  -1.0024882e-01
  -9.0901772e-02
  -7.5785994e-02
  -6.0488837e-02
  -3.8663050e-02
  -2.4797998e-02
  -3.1217644e-02
  -2.5806373e-02
  -4.2539325e-02
  -0.0000000e+00
  -0.0000000e+00
  -5.7125809e-02
  -5.2313095e-02
  -3.5213577e-02
  -3.4071678e-03
   4.3719930e-02
   0.0000000e+00
   0.0000000e+00
  -0.0000000e+00
  -0.0000000e+00
  -0.0000000e+00
  -0.0000000e+00
   1.3159500e-02
   1.8705182e-02
   5.3888392e-02
   5.9121921e-02
   2.6256677e-02
   0.0000000e+00
  -3.2769520e-02
  -5.2137051e-02
  -6.4553015e-02
  -7.6607309e-02
  -8.7347426e-02
  -9.5834509e-02
  -1.0983335e-01
  -1.1344606e-01
  -1.0467922e-01
  -9.9052250e-02
  -8.9627586e-02
  -7.6258145e-02
  -5.0685458e-02
  -2.4305066e-02
  -3.1087181e-02
  -9.4720691e-02
  -1.4455518e-01
  -0.0000000e+00
  -1.0570709e-01
  -7.5041607e-02
  -6.8201706e-02
  -4.8383623e-02
  -1.4170296e-02
  -6.6646044e-03
  -0.0000000e+00
  -0.0000000e+00
  -0.0000000e+00
  -0.0000000e+00
  -0.0000000e+00
  -0.0000000e+00
   1.9455520e-02
   3.0231968e-02
   9.0869084e-02
   4.4045825e-02
   4.4697747e-02
   0.0000000e+00
  -1.4296105e-02
  -4.4406672e-02
  -6.2775294e-02
  -7.4016781e-02
  -8.4768694e-02
  -9.6527193e-02
  -1.1591262e-01
  -1.1954851e-01
  -1.0862887e-01
  -1.0631830e-01
  -1.0196717e-01
  -9.0316254e-02
  -6.1403262e-02
  -2.3865626e-02
  -3.0970874e-02
  -1.5615684e-01
  -0.0000000e+00
  -6.8772534e-02
  -7.7633657e-02
  -9.1013279e-02
  -8.2366175e-02
  -6.0124532e-02
  -2.3765473e-02
  -5.1581705e-02
  -0.0000000e+00
  -0.0000000e+00
  -0.0000000e+00
  -0.0000000e+00
  -0.0000000e+00
  -0.0000000e+00
   2.5068330e-02
   4.0507928e-02
   1.2383684e-01
   3.0605705e-02
   6.1137697e-02
   0.0000000e+00
  -1.8748133e-02
  -4.1092571e-02
  -5.6954242e-02
  -6.5412350e-02
  -7.8889117e-02
  -1.0294116e-01
  -1.1443365e-01
  -1.1150620e-01
  -1.0723156e-01
  -1.0285117e-01
  -9.9606700e-02
  -7.7740543e-02
  -4.1442432e-02
  -4.5688855e-03
  -6.9848813e-02
  -0.0000000e+00
  -9.5306501e-02
  -8.2315370e-02
  -8.4112927e-02
  -8.4397294e-02
  -7.3713347e-02
  -6.4840920e-02
  -3.5356045e-02
  -5.5078473e-02
  -0.0000000e+00
  -0.0000000e+00
  -0.0000000e+00
  -0.0000000e+00
  -0.0000000e+00
  -0.0000000e+00
   4.3734189e-02
   1.1722909e-01
   0.0000000e+00
   4.1715667e-02
   1.4467302e-01
   0.0000000e+00
  -3.2898735e-02
  -4.2085510e-02
  -5.3703450e-02
  -5.9440300e-02
  -7.2537452e-02
  -9.8385565e-02
  -1.0700642e-01
  -1.0349838e-01
  -1.0207816e-01
  -9.7005546e-02
  -9.3380593e-02
  -6.8261132e-02
  -3.1306561e-02
   1.7589722e-02
  -0.0000000e+00
  -5.3547993e-02
  -6.2317234e-02
  -7.7073939e-02
  -8.0448009e-02
  -7.7991135e-02
  -6.8419740e-02
  -6.5298468e-02
  -3.8182817e-02
  -5.3810779e-02
  -0.0000000e+00
  -0.0000000e+00
  -0.0000000e+00
  -0.0000000e+00
  -0.0000000e+00
   0.0000000e+00
   4.7926292e-02
   1.3495478e-01
   0.0000000e+00
   0.0000000e+00
   0.0000000e+00
  -0.0000000e+00
  -0.0000000e+00
  -4.8557617e-02
  -4.5141663e-02
  -4.2128739e-02
  -5.1647335e-02
  -7.5350304e-02
  -7.8491556e-02
  -7.7638204e-02
  -8.2574166e-02
  -7.6307276e-02
  -7.0325943e-02
  -3.9962939e-02
  -5.9828294e-03
   9.1387899e-02
   0.0000000e+00
  -3.0755981e-02
  -3.6875983e-02
  -4.5902456e-02
  -6.0917135e-02
  -5.7441381e-02
  -5.3851857e-02
  -6.3551774e-02
  -4.0682732e-02
  -4.6104028e-02
  -0.0000000e+00
  -0.0000000e+00
  -0.0000000e+00
  -0.0000000e+00
   0.0000000e+00
   0.0000000e+00
   5.0514896e-02
   1.4757015e-01
   0.0000000e+00
   0.0000000e+00
   0.0000000e+00
  -0.0000000e+00
  -0.0000000e+00
  -3.9155573e-02
  -2.3733353e-02
  -1.2609946e-02
  -1.7313447e-02
  -3.5294384e-02
  -3.9713699e-02
  -4.3387856e-02
  -4.7919761e-02
  -4.1333336e-02
  -3.1361155e-02
  -8.2241409e-03
   1.0746225e-02
   1.6218969e-01
   0.0000000e+00
  -1.9751886e-02
  -2.6499708e-03
  -1.0296750e-02
  -2.2147298e-02
  -2.4764944e-02
  -3.2866728e-02
  -4.5499835e-02
  -3.5987541e-02
  -4.4342790e-02
  -0.0000000e+00
  -0.0000000e+00
  -0.0000000e+00
   0.0000000e+00
   0.0000000e+00
   0.0000000e+00
   0.0000000e+00
   0.0000000e+00
   0.0000000e+00
   0.0000000e+00
   0.0000000e+00
  -0.0000000e+00
  -0.0000000e+00
  -2.9876374e-02
  -7.3122270e-03
   9.3167648e-03
   9.2813037e-03
  -1.6737733e-03
  -6.0456716e-03
  -1.2711751e-02
  -1.6712466e-02
  -9.3017863e-03
   3.0362944e-03
   1.7155696e-02
   3.0302191e-02
   2.0446967e-01
   0.0000000e+00
  -0.0000000e+00
   0.0000000e+00
   1.5517185e-02
   9.0417871e-03
   3.0129738e-03
  -1.3462627e-02
  -2.7364656e-02
  -2.8698578e-02
  -3.9106321e-02
  -0.0000000e+00
  -0.0000000e+00
  -2.1229636e-02
   5.0950866e-02
   0.0000000e+00
   0.0000000e+00
   0.0000000e+00
   0.0000000e+00
   0.0000000e+00
   0.0000000e+00
   0.0000000e+00
  -0.0000000e+00
  -0.0000000e+00
  -0.0000000e+00
   1.7167294e-02
   3.8082350e-02
   5.0347094e-02
   6.4316235e-02
   6.5647400e-02
   5.7156558e-02
   5.5160278e-02
   6.6973716e-02
   7.9028447e-02
   6.0661094e-02
   9.6304863e-02
   0.0000000e+00
   0.0000000e+00
   0.0000000e+00
   0.0000000e+00
   4.5793540e-02
   6.3487721e-02
   5.9294054e-02
   3.3590251e-02
   2.3172660e-02
   2.3762655e-03
  -1.0006165e-02
  -9.2864171e-03
  -3.5550869e-03
   1.5715077e-02
   7.3274150e-02
   1.3859989e-01
   0.0000000e+00
   0.0000000e+00
   0.0000000e+00
   0.0000000e+00
   0.0000000e+00
   0.0000000e+00
   0.0000000e+00
   0.0000000e+00
   0.0000000e+00
   2.9987749e-02
   4.5139685e-02
   6.6231541e-02
   9.2696086e-02
   1.0208654e-01
   1.0665879e-01
   1.1033078e-01
   1.1738563e-01
   1.1261730e-01
   7.4522682e-02
   1.0776976e-01
   0.0000000e+00
   0.0000000e+00
   0.0000000e+00
   0.0000000e+00
   6.5289110e-02
   6.4818703e-02
   6.7659311e-02
   5.9050951e-02
   5.5866934e-02
   2.8161440e-02
   2.9564895e-02
   0.0000000e+00
   2.5036752e-02
   8.2001120e-02
   0.0000000e+00
   0.0000000e+00
   0.0000000e+00
  -0.0000000e+00
   0.0000000e+00
   0.0000000e+00
   0.0000000e+00
   0.0000000e+00
   0.0000000e+00
   0.0000000e+00
   0.0000000e+00
   3.8794424e-02
   4.0983796e-02
   6.0949009e-02
   8.5753687e-02
   9.9231116e-02
   1.1844923e-01
   1.3067232e-01
   1.2953389e-01
   1.0993604e-01
   7.2234601e-02
   1.2929948e-01
   0.0000000e+00
   0.0000000e+00
  -0.0000000e+00
   0.0000000e+00
   0.0000000e+00
   5.5821624e-02
   6.4559303e-02
   6.8368308e-02
   6.7274578e-02
   4.2111486e-02
   4.5803010e-02
   8.1843443e-02
   0.0000000e+00
   0.0000000e+00
   0.0000000e+00
   0.0000000e+00
  -0.0000000e+00
  -0.0000000e+00
   0.0000000e+00
   0.0000000e+00
   0.0000000e+00
   0.0000000e+00
   0.0000000e+00
   0.0000000e+00
   0.0000000e+00
   0.0000000e+00
   2.2952896e-02
   3.1746164e-02
   4.3632843e-02
   5.9535038e-02
   9.3652830e-02
   1.1271210e-01
   9.9716619e-02
   7.1246728e-02
   6.5435886e-02
   1.5013412e-01
   0.0000000e+00
   0.0000000e+00
  -0.0000000e+00
   0.0000000e+00
   0.0000000e+00
   0.0000000e+00
   4.7156077e-02
   5.5438083e-02
   5.4066420e-02
   4.2254616e-02
   4.8463494e-02
   8.9483663e-02
   0.0000000e+00
   0.0000000e+00
   0.0000000e+00
   0.0000000e+00
   0.0000000e+00
  -0.0000000e+00
   0.0000000e+00
   0.0000000e+00
   0.0000000e+00
   0.0000000e+00
   0.0000000e+00
   0.0000000e+00
   0.0000000e+00
   0.0000000e+00
  -6.0012266e-03
  -1.4307598e-02
  -1.6049881e-02
   1.9319716e-03
   3.7714146e-02
   4.8782855e-02
   2.7177898e-02
   1.2308684e-02
   6.8696119e-02
   0.0000000e+00
   0.0000000e+00
  -0.0000000e+00
  -0.0000000e+00
   0.0000000e+00
   0.0000000e+00
   0.0000000e+00
   9.6921856e-03
   3.1579116e-03
   4.6404200e-03
   1.6260028e-02
   4.3685570e-02
   0.0000000e+00
   0.0000000e+00
   0.0000000e+00
   0.0000000e+00
   0.0000000e+00
   0.0000000e+00
   0.0000000e+00
   0.0000000e+00
   0.0000000e+00
   0.0000000e+00
   0.0000000e+00
   0.0000000e+00
   0.0000000e+00
   0.0000000e+00
   0.0000000e+00
  -0.0000000e+00
  -0.0000000e+00
  -2.9561421e-02
  -1.9235065e-02
  -6.7665093e-03
  -6.9449628e-03
  -2.0374849e-02
  -6.5181935e-03
   0.0000000e+00
   0.0000000e+00
  -0.0000000e+00
  -0.0000000e+00
   0.0000000e+00
   0.0000000e+00
   0.0000000e+00
  -0.0000000e+00
  -5.1350445e-02
  -5.6267038e-02
  -4.8709057e-02
  -2.9620837e-02
  -1.2879646e-02
   1.7538145e-03
   0.0000000e+00
   0.0000000e+00
  -0.0000000e+00
  -0.0000000e+00
  -0.0000000e+00
   0.0000000e+00
   0.0000000e+00
   0.0000000e+00
   0.0000000e+00
   0.0000000e+00
   0.0000000e+00
  -0.0000000e+00
  -0.0000000e+00
  -0.0000000e+00
  -0.0000000e+00
  -0.0000000e+00
  -0.0000000e+00
  -0.0000000e+00
  -0.0000000e+00
  -2.8523620e-02
  -0.0000000e+00
  -0.0000000e+00
  -0.0000000e+00
  -0.0000000e+00
  -0.0000000e+00
  -0.0000000e+00
   0.0000000e+00
   0.0000000e+00
  -0.0000000e+00
  -1.4008886e-02
  -5.1084824e-02
  -0.0000000e+00
   0.0000000e+00
  -2.2291506e-02
  -3.8825836e-02
  -3.7230056e-02
  -1.5737215e-02
  -2.5999159e-02
  -0.0000000e+00
  -0.0000000e+00
  -0.0000000e+00
  -0.0000000e+00
  -0.0000000e+00
   0.0000000e+00
   0.0000000e+00
   0.0000000e+00
  -4.0857701e-02
  -1.9324388e-02
  -1.7954824e-02
  -1.7202990e-02
  -1.3901364e-02
  -9.4140280e-03
  -4.9902890e-03
  -5.5030460e-03
  -1.0550621e-02
  -1.5837189e-02
  -1.5715638e-02
  -1.2207544e-02
  -1.1988679e-02
  -1.5447576e-02
  -1.1937567e-02
  -9.8459368e-03
  -1.9489968e-02
  -2.3827475e-02
  -1.3045729e-02
   1.4907562e-04
   0.0000000e+00
   0.0000000e+00
   0.0000000e+00
   0.0000000e+00
   6.6658344e-03
  -8.9560446e-03
  -1.8626400e-02
  -2.3964547e-02
  -1.9590636e-02
  -1.1129038e-02
  -7.9411174e-03
  -8.2440876e-03
  -9.6860134e-03
  -1.2333483e-02
  -2.5402316e-02
  -3.3765334e-02
