   0.0000000e+00
   0.0000000e+00
   0.0000000e+00
   0.0000000e+00
   0.0000000e+00
   0.0000000e+00
   0.0000000e+00
   0.0000000e+00
  -0.0000000e+00
  -0.0000000e+00
  -0.0000000e+00
  -0.0000000e+00
  -0.0000000e+00
  -0.0000000e+00
  -0.0000000e+00
  -0.0000000e+00
  -0.0000000e+00
  -0.0000000e+00
  -0.0000000e+00
  -0.0000000e+00
  -0.0000000e+00
  -0.0000000e+00
  -0.0000000e+00
  -0.0000000e+00
  -0.0000000e+00
  -0.0000000e+00
  -0.0000000e+00
  -0.0000000e+00
  -0.0000000e+00
   0.0000000e+00
   0.0000000e+00
   0.0000000e+00
  -0.0000000e+00
   0.0000000e+00
   0.0000000e+00
   0.0000000e+00
  -0.0000000e+00
  -2.9759677e-02
   2.3974972e-03
  -4.1867769e-04
   6.9206767e-03
   3.4424722e-02
   4.1114140e-02
  -1.1956092e-02
  -2.6041290e-02
  -2.7228937e-02
  -1.7676994e-02
  -9.6576484e-03
  -3.0094909e-02
  -3.8466327e-02
  -3.8089085e-02
  -2.7506040e-02
  -3.4403030e-02
  -3.0834377e-02
  -2.5276467e-02
  -2.3277752e-02
  -5.9012719e-03
  -6.4388239e-03
  -1.1816468e-02
  -1.9549124e-02
  -7.0921429e-02
  -7.9236649e-02
  -6.5571800e-02
  -6.8823710e-02
  -8.3896011e-02
  -6.6825286e-02
  -1.3611707e-01
  -1.5134203e-01
  -1.4850557e-01
  -8.0190137e-02
  -1.3207300e-01
  -0.0000000e+00
  -6.1054267e-02
  -7.0531942e-02
  -6.1370619e-02
  -5.1613938e-02
  -4.8394062e-02
  -5.1264230e-02
  -5.6293782e-02
  -5.3289268e-02
  -4.2973232e-02
  -2.9808268e-02
  -1.5208779e-02
  -4.2080865e-03
   1.7759511e-03
   3.6669602e-03
   5.7847975e-03
   1.4500665e-02
   1.7067930e-02
   1.2966379e-02
   9.9444240e-03
   4.6670483e-03
   2.9841223e-04
   4.0063756e-03
   6.7658341e-03
   6.1062817e-03
   4.8960038e-03
  -9.2273962e-04
  -8.7788831e-03
  -1.2530915e-02
  -1.6903814e-02
  -3.1325605e-02
  -4.5438867e-02
  -4.8601616e-02
  -4.4374563e-02
  -3.8072687e-02
  -3.7003793e-02
  -4.5374371e-02
   4.6577770e-02
   3.5649590e-02
   3.9689064e-02
   3.9534315e-02
   3.5116151e-02
   3.6276627e-02
   3.6918741e-02
   3.3563565e-02
   2.5850795e-02
   1.5758013e-02
   1.1091581e-02
   1.5227442e-02
   2.4092713e-02
   3.1203888e-02
   3.4690998e-02
   4.7112454e-02
   6.0074106e-02
   7.1563438e-02
   8.3351627e-02
   7.3279768e-02
   4.7300767e-02
   3.7169483e-02
   3.6759801e-02
   3.8924437e-02
   4.2838361e-02
   4.3188125e-02
   5.3221468e-02
   7.6014005e-02
   9.1262102e-02
   8.1161194e-02
   6.0530007e-02
   4.1630078e-02
   3.9883167e-02
   5.6426864e-02
   6.8089090e-02
   6.3399196e-02
   1.6895014e-01
   1.5434000e-01
   1.4801495e-01
   1.3548993e-01
   1.1936922e-01
   1.1721788e-01
   1.1855026e-01
   1.1514147e-01
   1.0159041e-01
   8.5382432e-02
   8.1040494e-02
   7.9376101e-02
   8.3200216e-02
   8.5281000e-02
   7.6734178e-02
   7.8055419e-02
   8.9624912e-02
   1.0262636e-01
   1.6176510e-01
   0.0000000e+00
   1.0029031e-01
   8.9782432e-02
   8.0358021e-02
   8.4796146e-02
   9.1599829e-02
   8.8186987e-02
   9.9823460e-02
   1.2399765e-01
   1.4745007e-01
   1.6024122e-01
   1.6136236e-01
   1.4868970e-01
   1.4063422e-01
   1.5466632e-01
   1.6739573e-01
   1.7431018e-01
   2.1503645e-01
   2.0017034e-01
   1.8408999e-01
   1.6513449e-01
   1.4809990e-01
   1.4223340e-01
   1.4304803e-01
   1.3916591e-01
   1.3267279e-01
   1.3039015e-01
   1.3444960e-01
   1.2329756e-01
   1.1738866e-01
   1.1623544e-01
   1.0663653e-01
   1.0663412e-01
   1.1882973e-01
   1.1557355e-01
   2.7398288e-01
   0.0000000e+00
   1.1106101e-01
   1.1718413e-01
   1.1466946e-01
   1.2919691e-01
   1.4607152e-01
   1.4929231e-01
   1.6004802e-01
   1.6478856e-01
   1.6857311e-01
   1.7971243e-01
   1.9619277e-01
   1.9932601e-01
   2.0054272e-01
   2.1348937e-01
   2.1147253e-01
   2.1407788e-01
   1.4088205e-01
   1.2526106e-01
   1.1361928e-01
   1.1680059e-01
   1.1743007e-01
   1.0070942e-01
   1.0268116e-01
   1.1502602e-01
   1.1934368e-01
   1.1174270e-01
   1.1120450e-01
   1.0044702e-01
   1.0231428e-01
   1.1052280e-01
   1.1375291e-01
   1.0481815e-01
   1.0452040e-01
   8.0280535e-02
   1.9365127e-01
   0.0000000e+00
   6.8964346e-02
   9.6032765e-02
   1.1284863e-01
   1.3699925e-01
   1.5401920e-01
   1.6455395e-01
   1.6783066e-01
   1.4417397e-01
   1.3535288e-01
   1.3281887e-01
   1.4522313e-01
   1.5756640e-01
   1.6410588e-01
   1.7738039e-01
   1.6630171e-01
   1.5375740e-01
   7.4707977e-02
   6.1362695e-02
   5.2098073e-02
   7.2590277e-02
   0.0000000e+00
   5.2391157e-02
   5.8410108e-02
   6.6377364e-02
   6.5228708e-02
   5.4864064e-02
   5.6801565e-02
   5.7567533e-02
   6.5625578e-02
   7.3203139e-02
   8.6027347e-02
   6.8472147e-02
   6.5319575e-02
   4.3778412e-02
   7.5737260e-02
   0.0000000e+00
   2.7366731e-02
   5.0968941e-02
   7.3789589e-02
   9.5559061e-02
   1.0479781e-01
   1.1300422e-01
   9.7172871e-02
   6.8512186e-02
   6.8756461e-02
   6.2480580e-02
   7.9301395e-02
   9.6759573e-02
   9.7540438e-02
   1.0172214e-01
   9.9345259e-02
   9.3848884e-02
   3.2371324e-02
   2.3567338e-02
   5.4991413e-03
   0.0000000e+00
   0.0000000e+00
   2.1625318e-02
   2.8319009e-02
   2.9972473e-02
   2.7039254e-02
   1.9045291e-02
   2.5186483e-02
   2.8651711e-02
   3.6108911e-02
   3.8664948e-02
   5.3886112e-02
   3.6412042e-02
   3.5332315e-02
   1.7072069e-02
   2.8181639e-02
   0.0000000e+00
  -0.0000000e+00
   1.8670388e-02
   3.9882556e-02
   5.8875214e-02
   6.0595661e-02
   6.3290656e-02
   4.2295355e-02
   2.2670211e-02
   0.0000000e+00
   1.4871729e-02
   3.2765601e-02
   5.1896285e-02
   5.0534509e-02
   4.9822494e-02
   5.0033644e-02
   4.9230132e-02
  -7.0173317e-03
  -8.7758820e-03
  -0.0000000e+00
  -0.0000000e+00
   0.0000000e+00
  -6.8637702e-03
  -1.2924716e-03
  -8.7245262e-03
  -1.1752484e-02
  -1.3757487e-02
  -1.3105221e-03
   3.9417414e-04
   3.1226029e-03
  -3.2144799e-03
   1.0816902e-02
  -1.4660450e-03
   2.9471694e-03
  -1.0839780e-02
   9.4257229e-03
   0.0000000e+00
  -0.0000000e+00
  -1.4549066e-02
   1.8452909e-04
   1.5447954e-02
   7.8516988e-03
   1.7426890e-03
  -1.7602477e-02
  -1.7635249e-02
  -0.0000000e+00
  -3.1806050e-02
  -1.4515876e-02
   4.7083507e-03
   2.7623618e-03
  -1.6583007e-03
  -1.7626419e-03
   1.9679077e-03
  -3.8876839e-02
  -1.4925373e-02
  -0.0000000e+00
  -0.0000000e+00
  -0.0000000e+00
  -5.7903074e-02
  -3.5669282e-02
  -4.0516842e-02
  -3.3001535e-02
  -2.9767901e-02
  -2.2627532e-02
  -3.1529792e-02
  -3.3661924e-02
  -4.5432955e-02
  -3.2717898e-02
  -3.8046874e-02
  -2.9288610e-02
  -4.2218588e-02
   4.1134609e-04
   0.0000000e+00
  -0.0000000e+00
  -4.8996121e-02
  -3.4840278e-02
  -2.6183892e-02
  -3.5375539e-02
  -4.6578918e-02
  -4.9092412e-02
  -3.9918083e-03
  -0.0000000e+00
  -8.0784217e-02
  -4.3443188e-02
  -3.7979580e-02
  -4.0247407e-02
  -4.1672636e-02
  -4.5339324e-02
  -4.2784557e-02
  -4.8709448e-02
  -1.4979287e-02
  -0.0000000e+00
  -0.0000000e+00
  -0.0000000e+00
  -6.7310475e-02
  -5.1407620e-02
  -5.1755495e-02
  -4.0814929e-02
  -3.8966592e-02
  -3.4981444e-02
  -4.3758474e-02
  -4.3811928e-02
  -5.5542618e-02
  -4.4859149e-02
  -4.8983138e-02
  -4.3094069e-02
  -5.2454293e-02
   1.9102031e-04
   0.0000000e+00
  -0.0000000e+00
  -0.0000000e+00
  -4.1931555e-02
  -3.8849756e-02
  -4.6647064e-02
  -5.7191979e-02
  -4.9775001e-02
   0.0000000e+00
  -0.0000000e+00
  -8.6019292e-02
  -8.5794307e-02
  -5.1441994e-02
  -5.2757397e-02
  -5.3712245e-02
  -5.7795435e-02
  -5.8097783e-02
  -6.0071899e-02
  -1.2291499e-02
  -0.0000000e+00
  -0.0000000e+00
  -1.1946650e-01
  -6.8719303e-02
  -7.7243792e-02
  -6.6870635e-02
  -5.1716355e-02
  -5.5946119e-02
  -5.7870265e-02
  -6.1433644e-02
  -5.3747622e-02
  -6.2870393e-02
  -5.6958627e-02
  -6.1093796e-02
  -6.4799414e-02
  -6.5104996e-02
   3.7569651e-03
   0.0000000e+00
  -0.0000000e+00
  -0.0000000e+00
  -4.4580827e-02
  -5.3213772e-02
  -5.6585946e-02
  -6.3043096e-02
  -3.7087575e-02
   0.0000000e+00
  -0.0000000e+00
  -0.0000000e+00
  -1.8458242e-01
  -6.7428370e-02
  -6.6074610e-02
  -6.7163070e-02
  -7.0709070e-02
  -7.8032967e-02
  -6.0170710e-02
  -1.5145703e-02
  -0.0000000e+00
  -0.0000000e+00
  -7.8315586e-02
  -6.8259180e-02
  -6.3099809e-02
  -5.6438550e-02
  -5.4525036e-02
  -6.4005867e-02
  -7.2082490e-02
  -7.0933975e-02
  -6.4441457e-02
  -6.9446415e-02
  -6.4239435e-02
  -6.5729924e-02
  -6.9559015e-02
  -5.2562881e-02
   0.0000000e+00
  -0.0000000e+00
  -0.0000000e+00
  -0.0000000e+00
  -6.9914073e-02
  -6.3411176e-02
  -6.0456824e-02
  -5.4310005e-02
  -2.4041865e-02
   0.0000000e+00
  -0.0000000e+00
  -0.0000000e+00
  -1.2383544e-01
  -7.3866248e-02
  -6.7273930e-02
  -6.8712488e-02
  -6.8453453e-02
  -7.5254343e-02
  -6.0227928e-02
  -1.6798537e-02
  -0.0000000e+00
  -0.0000000e+00
  -5.4485590e-02
  -6.7992724e-02
  -5.4909196e-02
  -5.0397448e-02
  -5.6151508e-02
  -6.8673161e-02
  -8.0312616e-02
  -7.6435502e-02
  -7.0634121e-02
  -7.3254514e-02
  -6.8455666e-02
  -6.8414651e-02
  -7.2315240e-02
  -4.5299896e-02
   0.0000000e+00
  -0.0000000e+00
  -0.0000000e+00
  -0.0000000e+00
  -8.4584236e-02
  -6.9316362e-02
  -6.2698393e-02
  -4.9252784e-02
  -1.6487256e-02
  -0.0000000e+00
  -0.0000000e+00
  -0.0000000e+00
  -8.8657597e-02
  -7.7594354e-02
  -6.7968445e-02
  -6.9609741e-02
  -6.7147263e-02
  -7.3645274e-02
  -4.2791098e-02
  -0.0000000e+00
  -4.3160658e-02
  -3.9056882e-02
  -3.8415335e-02
  -2.5550049e-02
  -1.6119294e-02
  -2.2284789e-02
  -3.5810445e-02
  -4.3706104e-02
  -5.5020243e-02
  -6.2092848e-02
  -6.8896472e-02
  -6.8372093e-02
  -6.9607638e-02
  -6.3747384e-02
  -5.2866906e-02
  -2.1482870e-02
  -0.0000000e+00
  -0.0000000e+00
  -0.0000000e+00
  -0.0000000e+00
  -7.3156789e-02
  -6.1727259e-02
  -6.1033882e-02
  -5.1191311e-02
  -1.8962352e-02
  -0.0000000e+00
  -0.0000000e+00
  -0.0000000e+00
  -8.0824360e-02
  -6.3247591e-02
  -5.7180677e-02
  -5.7411842e-02
  -5.5620991e-02
  -5.1415071e-02
  -3.5735570e-02
  -0.0000000e+00
  -3.7854623e-02
  -3.1842135e-02
  -3.2402836e-02
  -2.0084009e-02
  -1.3655425e-02
  -2.0466393e-02
  -3.2238103e-02
  -3.8597364e-02
  -4.8017614e-02
  -5.4866552e-02
  -6.0337588e-02
  -5.8419507e-02
  -6.1122186e-02
  -5.6435075e-02
  -4.5190204e-02
  -1.9133519e-02
  -0.0000000e+00
  -0.0000000e+00
  -0.0000000e+00
  -0.0000000e+00
  -6.1709881e-02
  -5.2608840e-02
  -5.2879825e-02
  -4.6422612e-02
  -1.8044306e-02
  -0.0000000e+00
  -0.0000000e+00
  -0.0000000e+00
  -7.0547633e-02
  -5.2979156e-02
  -4.9382638e-02
  -4.9014501e-02
  -4.6998959e-02
  -4.2405862e-02
  -0.0000000e+00
  -0.0000000e+00
  -1.6857976e-02
  -1.8315578e-02
  -1.4790190e-02
  -9.7654120e-03
  -1.3025382e-02
  -1.9896015e-02
  -2.3981209e-02
  -2.5946099e-02
  -2.8849640e-02
  -3.2681312e-02
  -3.0941805e-02
  -2.4822436e-02
  -3.1390602e-02
  -3.1971749e-02
  -2.2483677e-02
  -1.5838821e-02
  -0.0000000e+00
  -0.0000000e+00
  -0.0000000e+00
  -3.5788456e-02
  -2.4257216e-02
  -2.2465014e-02
  -2.4876270e-02
  -2.9449798e-02
  -1.4346842e-02
  -0.0000000e+00
  -0.0000000e+00
  -0.0000000e+00
  -3.6427390e-02
  -2.0220110e-02
  -2.4482804e-02
  -2.2319935e-02
  -1.9385987e-02
  -1.5636496e-02
  -0.0000000e+00
  -0.0000000e+00
  -2.0137481e-02
  -2.4912521e-02
  -2.6770707e-02
  -2.7249685e-02
  -3.5421237e-02
  -4.1211564e-02
  -4.1169133e-02
  -4.2626012e-02
  -4.0912900e-02
  -3.7207767e-02
  -2.9506408e-02
  -2.0188292e-02
  -2.1014951e-02
  -2.3721593e-02
  -1.8232506e-02
  -1.3868452e-02
  -0.0000000e+00
  -0.0000000e+00
  -0.0000000e+00
  -2.6276637e-02
  -2.0743433e-02
  -1.4469068e-02
  -1.0622658e-02
  -1.2899985e-02
  -1.4253764e-03
   0.0000000e+00
  -0.0000000e+00
  -0.0000000e+00
  -3.0891441e-02
  -1.0147637e-02
  -1.3800777e-02
  -9.1367736e-03
  -5.7171076e-04
  -1.1168558e-03
   0.0000000e+00
  -3.8007023e-02
  -2.3601718e-02
  -3.1881069e-02
  -3.9426068e-02
  -4.5718819e-02
  -5.9078616e-02
  -6.3727794e-02
  -5.9325236e-02
  -6.0245488e-02
  -5.3655667e-02
  -4.1989186e-02
  -2.7990159e-02
  -1.5293113e-02
  -1.0054853e-02
  -1.5006716e-02
  -1.3741870e-02
  -1.1787096e-02
  -0.0000000e+00
  -0.0000000e+00
  -5.4272929e-02
  -1.6229036e-02
  -1.7031722e-02
  -6.0227204e-03
   4.4338405e-03
   4.5820569e-03
   1.2223938e-02
   0.0000000e+00
  -0.0000000e+00
  -0.0000000e+00
  -2.5043662e-02
   4.9220231e-04
  -2.5170450e-03
   4.7889773e-03
   1.9302348e-02
   1.4220657e-02
   0.0000000e+00
  -1.6436050e-02
  -6.6090316e-02
  -5.2041795e-02
  -6.4537756e-02
  -7.6026402e-02
  -8.3794937e-02
  -9.0342790e-02
  -9.4022520e-02
  -9.3627766e-02
  -8.5071608e-02
  -7.3507853e-02
  -5.7959072e-02
  -4.2120025e-02
  -2.2925284e-02
  -2.5931560e-02
  -2.4514938e-02
  -2.2786267e-02
  -0.0000000e+00
  -0.0000000e+00
  -6.3372657e-02
  -4.7080770e-02
  -3.7455827e-02
  -1.7301865e-02
   2.1315796e-02
   0.0000000e+00
   0.0000000e+00
  -0.0000000e+00
  -0.0000000e+00
  -0.0000000e+00
  -0.0000000e+00
   3.5072961e-03
   9.4997892e-03
   2.8023576e-02
   5.1719446e-02
   3.7644953e-02
   0.0000000e+00
  -9.0472437e-03
  -7.8837678e-02
  -5.8697555e-02
  -7.2799936e-02
  -8.5991576e-02
  -9.1985196e-02
  -9.9451609e-02
  -1.0607181e-01
  -1.0505148e-01
  -9.5904768e-02
  -8.4649503e-02
  -6.8822347e-02
  -5.1912505e-02
  -2.7519403e-02
  -2.9497232e-02
  -2.9443268e-02
  -3.1861331e-02
  -0.0000000e+00
  -1.7602220e-01
  -6.6899650e-02
  -5.8400523e-02
  -4.4992805e-02
  -2.1825224e-02
   2.5559070e-02
   0.0000000e+00
   0.0000000e+00
  -0.0000000e+00
  -0.0000000e+00
  -0.0000000e+00
  -0.0000000e+00
   4.6430402e-03
   1.4020357e-02
   3.7868746e-02
   6.2342864e-02
   4.5361035e-02
   0.0000000e+00
  -3.2069691e-03
  -2.9172214e-02
  -5.5691060e-02
  -6.8104710e-02
  -8.0103658e-02
  -8.9333349e-02
  -1.0639580e-01
  -1.2102847e-01
  -1.1372111e-01
  -1.0685192e-01
  -1.0487929e-01
  -9.7181801e-02
  -7.9605676e-02
  -3.7287062e-02
  -2.6479695e-02
  -7.4286808e-02
  -0.0000000e+00
  -1.5177540e-01
  -7.3919715e-02
  -8.3247242e-02
  -9.2216018e-02
  -6.8842050e-02
  -4.7222865e-02
  -2.1996112e-02
  -0.0000000e+00
  -0.0000000e+00
  -0.0000000e+00
  -0.0000000e+00
   0.0000000e+00
  -0.0000000e+00
   8.9460913e-03
   3.0966996e-02
   1.0803982e-01
   5.4847110e-02
   4.1288978e-02
   0.0000000e+00
  -5.4098419e-03
  -2.9353440e-02
  -5.3545900e-02
  -6.5508559e-02
  -7.6045968e-02
  -9.0090141e-02
  -1.0825479e-01
  -1.1820527e-01
  -1.1181153e-01
  -1.0603614e-01
  -1.0386044e-01
  -9.4694801e-02
  -7.2414830e-02
  -2.9051539e-02
  -2.5945295e-02
  -0.0000000e+00
  -1.5935555e-01
  -1.2709194e-01
  -7.8426242e-02
  -8.3406717e-02
  -8.7836102e-02
  -6.8127424e-02
  -5.0868887e-02
  -2.8444890e-02
  -0.0000000e+00
  -0.0000000e+00
  -0.0000000e+00
  -0.0000000e+00
   0.0000000e+00
  -0.0000000e+00
   2.0912245e-02
   3.2385264e-02
   0.0000000e+00
   4.5358948e-02
   7.0324525e-02
   0.0000000e+00
  -9.6773278e-03
  -2.9704516e-02
  -4.9390213e-02
  -6.0479212e-02
  -6.8185252e-02
  -9.1556208e-02
  -1.1185607e-01
  -1.1273610e-01
  -1.0811220e-01
  -1.0445579e-01
  -1.0188668e-01
  -8.9876890e-02
  -5.8484447e-02
  -1.3097386e-02
  -0.0000000e+00
  -9.0398419e-02
  -5.2414908e-02
  -7.9274251e-02
  -8.7156460e-02
  -8.3715676e-02
  -7.9351148e-02
  -6.6743032e-02
  -5.7932089e-02
  -4.0937695e-02
  -0.0000000e+00
  -0.0000000e+00
  -0.0000000e+00
  -0.0000000e+00
   0.0000000e+00
  -0.0000000e+00
   4.4093528e-02
   3.5132786e-02
   0.0000000e+00
   0.0000000e+00
   0.0000000e+00
   0.0000000e+00
  -0.0000000e+00
  -4.5247920e-02
  -4.8426140e-02
  -4.8371155e-02
  -5.0811157e-02
  -7.2798818e-02
  -8.9227460e-02
  -8.7422743e-02
  -8.9367434e-02
  -8.6621940e-02
  -8.3636135e-02
  -6.6768222e-02
  -3.4048788e-02
   4.1524135e-03
   0.0000000e+00
  -3.7342146e-02
  -4.0334400e-02
  -5.1741924e-02
  -6.4284451e-02
  -6.7998745e-02
  -6.1299007e-02
  -6.1317448e-02
  -5.7663515e-02
  -4.0765643e-02
  -0.0000000e+00
  -0.0000000e+00
  -0.0000000e+00
  -0.0000000e+00
   0.0000000e+00
   0.0000000e+00
   6.0750179e-02
   6.7368798e-02
   0.0000000e+00
   0.0000000e+00
   0.0000000e+00
   0.0000000e+00
  -0.0000000e+00
  -5.0936244e-02
  -4.5072697e-02
  -3.7858091e-02
  -3.7200127e-02
  -5.7270978e-02
  -7.1509294e-02
  -6.9419362e-02
  -7.4612632e-02
  -7.2088473e-02
  -6.8482392e-02
  -4.9442895e-02
  -1.9013502e-02
   2.4731295e-02
   0.0000000e+00
  -1.5319758e-02
  -2.9511889e-02
  -3.3040006e-02
  -4.7125127e-02
  -5.3894639e-02
  -4.8310477e-02
  -5.5359375e-02
  -5.4734644e-02
  -3.9150685e-02
  -0.0000000e+00
  -0.0000000e+00
  -0.0000000e+00
  -0.0000000e+00
   0.0000000e+00
   0.0000000e+00
   0.0000000e+00
   0.0000000e+00
   0.0000000e+00
   0.0000000e+00
   0.0000000e+00
  -0.0000000e+00
  -0.0000000e+00
  -4.4139746e-02
  -2.4261893e-02
  -1.1682749e-04
   6.5229492e-03
  -4.1715426e-03
  -1.4628645e-02
  -1.8646793e-02
  -2.6944991e-02
  -2.3229856e-02
  -1.6495848e-02
   3.2049985e-03
   1.3413571e-02
   1.1813484e-01
   0.0000000e+00
  -0.0000000e+00
   0.0000000e+00
   1.5959016e-02
   5.0644601e-03
  -1.6666224e-03
  -1.1044480e-02
  -2.9622478e-02
  -3.4823035e-02
  -2.8244114e-02
  -0.0000000e+00
  -0.0000000e+00
  -7.8584701e-02
   1.3850498e-02
   0.0000000e+00
   0.0000000e+00
   0.0000000e+00
   0.0000000e+00
   0.0000000e+00
   0.0000000e+00
   0.0000000e+00
  -0.0000000e+00
  -0.0000000e+00
  -0.0000000e+00
  -6.5693948e-03
   1.8605249e-02
   2.9516418e-02
   3.5208728e-02
   3.6140282e-02
   3.1617165e-02
   2.3962695e-02
   2.8822485e-02
   4.0198296e-02
   4.8561729e-02
   3.6484819e-02
   0.0000000e+00
   0.0000000e+00
   0.0000000e+00
   0.0000000e+00
   5.9988827e-02
   3.5543852e-02
   4.1136593e-02
   2.4477299e-02
   5.6560463e-03
  -3.1183227e-03
  -1.5627636e-02
  -3.0925186e-02
  -3.7921198e-02
  -2.5088526e-02
   1.6058082e-02
   1.1231189e-01
   0.0000000e+00
   0.0000000e+00
   0.0000000e+00
   0.0000000e+00
   0.0000000e+00
   0.0000000e+00
  -0.0000000e+00
  -0.0000000e+00
   0.0000000e+00
   1.1327118e-02
   3.2452002e-02
   4.6227418e-02
   6.5776035e-02
   7.6386176e-02
   7.4695081e-02
   7.0988037e-02
   7.6234922e-02
   8.7847203e-02
   8.1118256e-02
   6.0170315e-02
   0.0000000e+00
   0.0000000e+00
   0.0000000e+00
   0.0000000e+00
   8.9544646e-02
   5.3102922e-02
   6.7942820e-02
   5.0701428e-02
   3.6592767e-02
   2.4496697e-02
   2.9343093e-05
   0.0000000e+00
   3.2764450e-03
   1.5298482e-02
   0.0000000e+00
   0.0000000e+00
   0.0000000e+00
   0.0000000e+00
   0.0000000e+00
   0.0000000e+00
   0.0000000e+00
   0.0000000e+00
   0.0000000e+00
   0.0000000e+00
   0.0000000e+00
   3.7324006e-02
   4.1834673e-02
   5.6700915e-02
   9.0645384e-02
   1.1143347e-01
   1.2090238e-01
   1.2987744e-01
   1.3406201e-01
   1.3661922e-01
   1.0032739e-01
   9.5310412e-02
   0.0000000e+00
   0.0000000e+00
   0.0000000e+00
   0.0000000e+00
   0.0000000e+00
   5.0634889e-02
   7.2122765e-02
   6.8333891e-02
   7.1522893e-02
   5.5219902e-02
   2.8875275e-02
   7.2464678e-02
   0.0000000e+00
   0.0000000e+00
   0.0000000e+00
   0.0000000e+00
   0.0000000e+00
  -0.0000000e+00
   0.0000000e+00
   0.0000000e+00
   0.0000000e+00
   0.0000000e+00
   0.0000000e+00
   0.0000000e+00
   0.0000000e+00
   0.0000000e+00
   3.0909387e-02
   3.8043618e-02
   5.7178702e-02
   6.9957726e-02
   9.2935413e-02
   1.2293968e-01
   1.2767829e-01
   1.0875546e-01
   6.8622850e-02
   1.0327806e-01
   0.0000000e+00
   0.0000000e+00
  -0.0000000e+00
  -0.0000000e+00
   0.0000000e+00
   0.0000000e+00
   5.1889557e-02
   6.1939068e-02
   7.0318848e-02
   5.5113737e-02
   4.5255389e-02
   6.1736278e-02
   0.0000000e+00
   0.0000000e+00
   0.0000000e+00
   0.0000000e+00
   0.0000000e+00
  -0.0000000e+00
   0.0000000e+00
   0.0000000e+00
   0.0000000e+00
   0.0000000e+00
   0.0000000e+00
   0.0000000e+00
   0.0000000e+00
   0.0000000e+00
   1.2954283e-02
   3.2846716e-03
   4.9815667e-03
   1.3084983e-02
   4.4123456e-02
   7.6083161e-02
   7.0553675e-02
   4.5823079e-02
   4.1461077e-02
   0.0000000e+00
   0.0000000e+00
   0.0000000e+00
  -0.0000000e+00
  -0.0000000e+00
   0.0000000e+00
   0.0000000e+00
   3.1797606e-02
   2.8823584e-02
   3.0650374e-02
   2.9201984e-02
   3.5187274e-02
   0.0000000e+00
   0.0000000e+00
   0.0000000e+00
   0.0000000e+00
   0.0000000e+00
   0.0000000e+00
   0.0000000e+00
   0.0000000e+00
   0.0000000e+00
   0.0000000e+00
   0.0000000e+00
   0.0000000e+00
   0.0000000e+00
   0.0000000e+00
   0.0000000e+00
   0.0000000e+00
  -0.0000000e+00
  -2.6539221e-02
  -2.3559636e-02
  -3.0987710e-04
   1.8516343e-02
   1.0830505e-02
  -3.3936179e-03
   0.0000000e+00
   0.0000000e+00
   0.0000000e+00
  -0.0000000e+00
  -0.0000000e+00
   0.0000000e+00
   0.0000000e+00
   0.0000000e+00
  -2.8994731e-03
  -2.7123641e-02
  -3.3961471e-02
  -2.1343075e-02
   3.3262938e-03
   2.8238077e-02
   0.0000000e+00
   0.0000000e+00
   0.0000000e+00
  -0.0000000e+00
   0.0000000e+00
   0.0000000e+00
   0.0000000e+00
   0.0000000e+00
   0.0000000e+00
   0.0000000e+00
   0.0000000e+00
   0.0000000e+00
   0.0000000e+00
   0.0000000e+00
   0.0000000e+00
  -0.0000000e+00
  -0.0000000e+00
  -0.0000000e+00
  -0.0000000e+00
  -1.4323226e-02
  -0.0000000e+00
  -0.0000000e+00
   0.0000000e+00
   0.0000000e+00
  -0.0000000e+00
  -0.0000000e+00
  -0.0000000e+00
   0.0000000e+00
   0.0000000e+00
  -4.1451207e-03
  -4.6295714e-02
  -0.0000000e+00
  -0.0000000e+00
  -4.0862873e-02
  -3.8672306e-02
  -2.7964378e-02
  -9.4738882e-04
   3.8908508e-02
   0.0000000e+00
  -0.0000000e+00
  -0.0000000e+00
  -0.0000000e+00
   0.0000000e+00
   0.0000000e+00
   0.0000000e+00
   0.0000000e+00
  -3.3485364e-02
  -3.4123834e-02
  -2.9347597e-02
  -3.1527478e-02
  -3.1800568e-02
  -1.8099295e-02
  -8.9603513e-03
  -1.4107241e-03
  -9.2280358e-03
  -1.7961336e-02
  -3.5149604e-02
  -2.2131111e-02
  -9.9362209e-03
  -1.5040817e-02
  -1.9553373e-02
  -1.1023792e-02
  -7.3774443e-03
  -1.4764111e-02
  -2.3583811e-02
  -1.7305829e-02
  -0.0000000e+00
   0.0000000e+00
   0.0000000e+00
   0.0000000e+00
  -3.8423424e-04
  -2.7456857e-02
  -3.5752416e-02
  -4.8186932e-02
  -4.6387892e-02
  -3.5212662e-02
  -1.3599984e-02
  -1.3897006e-02
  -1.2406847e-02
  -9.5853368e-03
  -1.3263779e-02
  -2.5598709e-02
