   0.0000000e+00
   0.0000000e+00
   0.0000000e+00
   0.0000000e+00
   0.0000000e+00
   0.0000000e+00
   0.0000000e+00
  -0.0000000e+00
  -0.0000000e+00
  -0.0000000e+00
  -0.0000000e+00
  -0.0000000e+00
  -0.0000000e+00
  -0.0000000e+00
  -0.0000000e+00
  -0.0000000e+00
  -0.0000000e+00
  -0.0000000e+00
  -0.0000000e+00
  -0.0000000e+00
  -0.0000000e+00
  -0.0000000e+00
  -0.0000000e+00
  -0.0000000e+00
  -0.0000000e+00
  -0.0000000e+00
  -0.0000000e+00
  -0.0000000e+00
  -0.0000000e+00
  -0.0000000e+00
  -0.0000000e+00
  -0.0000000e+00
  -0.0000000e+00
  -0.0000000e+00
  -0.0000000e+00
  -0.0000000e+00
  -0.0000000e+00
   1.0235404e-02
   4.3100521e-02
   6.1120082e-02
   7.4211143e-02
   9.7128209e-03
  -3.2929252e-03
  -2.6846554e-03
   1.3040456e-03
   2.5208958e-04
  -1.5678364e-03
  -2.0739730e-03
  -1.0060916e-02
  -2.4034875e-02
  -3.3436947e-02
  -3.1376962e-02
  -2.4415284e-02
  -1.4290207e-02
  -1.2884335e-02
  -1.4581905e-03
   1.1131299e-03
  -2.7706274e-03
  -7.2289384e-03
  -6.7038471e-03
  -9.8884236e-03
  -2.1646362e-02
  -3.8424402e-02
  -4.8077650e-02
  -4.3371227e-02
  -5.6195084e-02
  -1.0215304e-01
  -6.6636562e-02
  -6.5801986e-02
  -5.5298511e-02
  -3.7939228e-02
  -0.0000000e+00
  -4.8063206e-03
  -1.9336451e-02
  -2.0824797e-02
  -1.6295789e-02
  -1.7233189e-02
  -3.2558851e-02
  -3.4656480e-02
  -1.9873613e-02
  -1.8158730e-02
  -4.3823425e-02
  -6.4503953e-02
  -6.2692001e-02
  -5.0743058e-02
  -3.0297251e-02
  -1.1031143e-02
  -5.1681553e-03
  -1.1062560e-03
   1.0017934e-04
  -5.2596009e-03
  -1.0544963e-02
  -1.6803844e-02
  -2.2615917e-02
  -2.8325260e-02
  -2.1310579e-02
  -6.2484136e-03
  -2.2403435e-03
  -7.4033723e-03
  -8.5050520e-03
  -3.5357967e-03
  -3.0787378e-03
  -1.2891236e-03
   1.5734311e-03
   8.0918232e-03
   1.3626006e-02
   1.5307590e-02
   1.0734937e-02
  -1.9233763e-02
  -4.8252512e-02
  -7.0552118e-02
  -8.3286017e-02
  -8.3047107e-02
  -7.6378465e-02
  -6.5390915e-02
  -4.1468225e-02
  -3.5138089e-02
  -6.3436113e-02
  -8.2222335e-02
  -6.5701589e-02
  -4.2095155e-02
  -2.0774139e-02
  -7.0789559e-03
  -1.4654747e-02
  -1.2813749e-02
  -4.7198413e-03
  -4.9960292e-03
  -1.5191106e-02
  -2.1581331e-02
  -2.0311091e-02
  -2.0837907e-02
  -8.1557240e-03
   3.1622255e-04
  -1.6501042e-03
  -1.4958851e-02
  -2.0829571e-02
  -1.6906522e-02
  -2.3143571e-02
  -2.7442072e-02
  -2.5123019e-02
  -1.9235518e-02
  -1.0801488e-02
  -3.4603379e-03
  -5.6550017e-04
  -2.2670092e-02
  -2.6873128e-02
  -3.7842847e-02
  -4.7541600e-02
  -5.3410277e-02
  -6.0267717e-02
  -6.5571733e-02
  -4.6591647e-02
  -2.5242932e-02
  -2.7129244e-02
  -2.9742572e-02
  -1.6860753e-02
  -3.7014561e-03
   4.6444242e-04
  -7.3019299e-04
  -8.8586593e-03
  -1.1538839e-02
   2.1450422e-03
   1.7054697e-02
  -0.0000000e+00
  -1.5046093e-02
  -1.8491412e-02
  -1.6228486e-02
   5.2353193e-05
  -2.9752841e-03
  -3.6057387e-03
  -1.0642627e-02
  -1.4764663e-02
  -8.6715287e-03
  -2.0985508e-02
  -3.5737824e-02
  -3.7518661e-02
  -3.5699673e-02
  -3.7258487e-02
  -3.2772720e-02
  -2.2906967e-02
   1.3094395e-05
   7.2822841e-03
   6.9457288e-03
   3.9827102e-03
   2.0896099e-03
  -5.7043778e-03
  -2.0083707e-02
  -1.7760191e-02
   6.9507835e-03
   2.2646271e-02
   2.5890829e-02
   3.1723361e-02
   3.2115731e-02
   2.2352623e-02
   2.1742061e-02
   1.7180014e-02
   1.4235793e-02
   2.3056440e-02
   8.1325695e-02
   0.0000000e+00
   8.9084143e-03
   1.0036214e-03
  -6.5810848e-03
   5.8115423e-03
  -1.2447140e-03
   1.2109697e-02
   2.1287506e-02
   1.8313944e-02
   2.2418588e-02
   1.1927237e-02
  -3.3539967e-03
  -1.2545093e-02
  -1.5978286e-02
  -2.2140073e-02
  -2.1938609e-02
  -9.7545926e-03
   3.2162860e-02
   3.6689520e-02
   3.5612267e-02
   4.9566858e-02
   5.2684568e-02
   4.1462097e-02
   2.7771072e-02
   2.1395072e-02
   4.2315334e-02
   6.4685725e-02
   6.8743594e-02
   6.5207943e-02
   5.6277215e-02
   4.1753262e-02
   4.6546064e-02
   4.3510079e-02
   4.2528391e-02
   3.8342863e-02
   1.2118655e-01
   0.0000000e+00
   3.4167662e-02
   2.8999370e-02
   1.3289314e-02
   2.2066262e-02
   1.4687871e-02
   3.7981767e-02
   5.3022675e-02
   4.7319103e-02
   4.6034247e-02
   4.5887738e-02
   4.2437766e-02
   3.1065762e-02
   2.1513399e-02
   1.4906547e-02
   1.1934793e-02
   2.2558890e-02
   7.2918656e-02
   6.3743138e-02
   4.7779673e-02
   1.0029524e-01
   0.0000000e+00
   7.2560761e-02
   6.7030134e-02
   6.8290044e-02
   8.1194071e-02
   1.0231774e-01
   1.0644124e-01
   8.6551896e-02
   7.0694222e-02
   6.2546783e-02
   7.2376572e-02
   6.7542926e-02
   6.9590937e-02
   4.1697939e-02
   1.0803607e-01
   0.0000000e+00
   5.7889268e-02
   6.5809790e-02
   4.9914865e-02
   5.8940431e-02
   5.2848503e-02
   7.5970465e-02
   7.8214969e-02
   6.4473812e-02
   5.3755444e-02
   7.5328231e-02
   9.9828381e-02
   9.5936867e-02
   7.8396101e-02
   7.3205786e-02
   6.7197254e-02
   7.1413824e-02
   8.7864280e-02
   1.4322785e-01
   6.9358505e-02
   0.0000000e+00
   0.0000000e+00
   5.5659436e-02
   6.2127270e-02
   6.9794655e-02
   8.7421477e-02
   9.0257488e-02
   8.9587756e-02
   7.1069367e-02
   5.3684365e-02
   4.6734490e-02
   5.6615923e-02
   4.9590673e-02
   5.3472593e-02
   2.5122505e-02
   8.6166762e-02
   0.0000000e+00
   0.0000000e+00
   4.6871718e-02
   5.2808337e-02
   7.1378581e-02
   6.7752004e-02
   6.3501470e-02
   3.9711870e-02
   7.1442828e-02
   0.0000000e+00
   4.8155416e-02
   9.6996181e-02
   1.0656908e-01
   9.0485990e-02
   9.1930240e-02
   9.1876790e-02
   9.6988425e-02
   6.6886663e-02
   1.3453859e-01
   0.0000000e+00
   0.0000000e+00
   0.0000000e+00
   4.1435182e-02
   4.7909394e-02
   5.2098624e-02
   6.5993533e-02
   6.1674897e-02
   6.0029399e-02
   4.6302252e-02
   3.4248982e-02
   2.6779627e-02
   3.5054248e-02
   2.9539967e-02
   3.1379055e-02
   9.7213574e-03
   6.7948967e-02
   0.0000000e+00
   0.0000000e+00
   2.5429230e-02
   3.7822060e-02
   5.3644657e-02
   4.8900973e-02
   3.6866274e-02
   1.4297393e-02
   5.9920341e-02
  -0.0000000e+00
   1.9382464e-02
   7.0278198e-02
   8.1614107e-02
   6.7625903e-02
   6.6906683e-02
   6.8348326e-02
   7.4880034e-02
   2.3447808e-02
   9.3011758e-02
   0.0000000e+00
   0.0000000e+00
   0.0000000e+00
   2.0661436e-02
   2.3294865e-02
   1.9020090e-02
   2.4524521e-02
   1.2899203e-02
   1.0995468e-02
   5.6533922e-03
   3.9113799e-03
  -4.8993620e-03
   3.9899700e-04
  -1.6284261e-03
  -4.1410132e-03
  -1.3324819e-02
   4.1414435e-02
  -0.0000000e+00
  -0.0000000e+00
  -7.9862578e-03
   9.2888244e-03
   1.6985684e-02
   9.3927426e-03
  -8.1911367e-03
  -2.0152245e-02
   3.6458686e-02
  -0.0000000e+00
  -2.4891369e-02
   2.1974058e-02
   3.2234115e-02
   2.1636555e-02
   1.4802021e-02
   1.7085471e-02
   2.5945495e-02
  -1.9101359e-02
   4.7920790e-02
   0.0000000e+00
  -0.0000000e+00
   0.0000000e+00
  -8.3836336e-03
  -1.4453967e-02
  -3.2459442e-02
  -3.2601535e-02
  -3.6684170e-02
  -3.4215439e-02
  -3.4106515e-02
  -3.0235613e-02
  -3.9789058e-02
  -3.5394512e-02
  -3.7051909e-02
  -5.2193381e-02
  -3.0706223e-02
   3.1377580e-02
  -0.0000000e+00
  -0.0000000e+00
  -0.0000000e+00
  -2.0786352e-02
  -2.5767919e-02
  -2.9950611e-02
  -4.1506160e-02
  -1.7635649e-02
   0.0000000e+00
  -0.0000000e+00
  -7.8680545e-02
  -5.0782815e-02
  -1.9284356e-02
  -2.2071529e-02
  -2.7332895e-02
  -2.8954277e-02
  -2.3741078e-02
  -3.4447666e-02
   2.9779717e-02
   0.0000000e+00
  -0.0000000e+00
  -1.2398944e-02
  -2.1321308e-02
  -2.9713543e-02
  -5.2416716e-02
  -5.4427706e-02
  -5.4763664e-02
  -5.1219258e-02
  -5.0913148e-02
  -4.5280065e-02
  -5.4206729e-02
  -5.0420258e-02
  -5.1897407e-02
  -6.8286605e-02
  -3.2566618e-02
   3.1479653e-02
  -0.0000000e+00
  -0.0000000e+00
  -0.0000000e+00
  -3.3341762e-02
  -4.3418743e-02
  -4.4885769e-02
  -5.1037863e-02
  -1.3064398e-02
   0.0000000e+00
  -0.0000000e+00
  -0.0000000e+00
  -7.1735047e-02
  -3.9145552e-02
  -3.8351558e-02
  -4.3607865e-02
  -4.6864286e-02
  -4.3353379e-02
  -5.3544349e-02
  -2.6707681e-03
  -0.0000000e+00
  -0.0000000e+00
  -3.7328404e-02
  -5.0367445e-02
  -5.7350970e-02
  -8.4561082e-02
  -8.8016042e-02
  -7.8292896e-02
  -7.6046516e-02
  -8.4796948e-02
  -7.8350110e-02
  -8.1791991e-02
  -8.0245704e-02
  -8.1252544e-02
  -8.1802725e-02
  -1.1697835e-02
   0.0000000e+00
  -0.0000000e+00
  -0.0000000e+00
  -0.0000000e+00
  -5.7948169e-02
  -7.7114332e-02
  -6.7389164e-02
  -4.9835584e-02
   1.1889990e-02
   0.0000000e+00
  -0.0000000e+00
  -0.0000000e+00
  -6.9993120e-02
  -7.0591260e-02
  -6.1322279e-02
  -6.9529535e-02
  -7.6012539e-02
  -7.6655008e-02
  -4.3915831e-02
  -1.6978603e-02
  -0.0000000e+00
  -0.0000000e+00
  -3.6554534e-02
  -4.5134943e-02
  -5.1235631e-02
  -7.0010766e-02
  -7.3303469e-02
  -6.8560444e-02
  -6.8525806e-02
  -7.7965170e-02
  -7.5532466e-02
  -7.7357516e-02
  -7.6406419e-02
  -7.2471350e-02
  -6.2070217e-02
  -1.0522409e-02
   0.0000000e+00
  -0.0000000e+00
  -0.0000000e+00
  -0.0000000e+00
  -6.1727937e-02
  -7.4937455e-02
  -6.6181742e-02
  -4.3160010e-02
   9.8861130e-03
   0.0000000e+00
  -0.0000000e+00
  -0.0000000e+00
  -5.7460751e-02
  -5.8321290e-02
  -5.4040685e-02
  -6.2820777e-02
  -6.3763455e-02
  -6.2596910e-02
  -3.1879227e-02
  -0.0000000e+00
  -1.7946521e-02
  -3.4787975e-02
  -3.5587119e-02
  -3.8593789e-02
  -4.3590841e-02
  -5.1821404e-02
  -5.4911295e-02
  -5.6393917e-02
  -5.9124167e-02
  -6.9424754e-02
  -7.2010127e-02
  -7.1813993e-02
  -7.1606938e-02
  -6.1493998e-02
  -3.7402608e-02
  -9.0530090e-03
  -0.0000000e+00
  -0.0000000e+00
  -0.0000000e+00
  -0.0000000e+00
  -6.6453020e-02
  -7.2216141e-02
  -6.4672343e-02
  -3.4814874e-02
   7.3810694e-03
   0.0000000e+00
  -0.0000000e+00
  -0.0000000e+00
  -4.1794042e-02
  -4.2982599e-02
  -4.4937957e-02
  -5.4434164e-02
  -4.8450883e-02
  -4.5022887e-02
  -2.9040672e-02
  -0.0000000e+00
  -1.6218940e-02
  -2.2285953e-02
  -2.2751022e-02
  -2.5170824e-02
  -2.8729266e-02
  -3.0329129e-02
  -3.3192970e-02
  -3.8507208e-02
  -4.0010821e-02
  -4.1826513e-02
  -4.1807767e-02
  -3.9637867e-02
  -4.0447205e-02
  -3.5413951e-02
  -1.9737000e-02
  -2.9997515e-02
  -0.0000000e+00
  -0.0000000e+00
  -0.0000000e+00
  -0.0000000e+00
  -3.7425082e-02
  -3.4457579e-02
  -3.5489298e-02
  -1.6841382e-02
   1.9956408e-02
   0.0000000e+00
  -0.0000000e+00
  -0.0000000e+00
  -1.5881862e-02
  -1.6822124e-02
  -2.1374233e-02
  -2.5322478e-02
  -2.0179123e-02
  -2.0095281e-02
  -0.0000000e+00
  -0.0000000e+00
  -1.5558415e-02
  -1.7505923e-02
  -1.7843261e-02
  -2.0038679e-02
  -2.3047081e-02
  -2.2111758e-02
  -2.4889176e-02
  -3.1668397e-02
  -3.2703015e-02
  -3.1274580e-02
  -3.0260173e-02
  -2.7335628e-02
  -2.8533573e-02
  -2.5442490e-02
  -1.2982721e-02
  -3.8005452e-02
  -0.0000000e+00
  -0.0000000e+00
  -0.0000000e+00
  -4.0325372e-02
  -2.6326521e-02
  -2.0020947e-02
  -2.4331436e-02
  -9.9693851e-03
   2.4764472e-02
   0.0000000e+00
  -0.0000000e+00
  -0.0000000e+00
  -5.9745833e-03
  -6.8199121e-03
  -1.2364864e-02
  -1.4191896e-02
  -9.3696831e-03
  -1.0564445e-02
  -0.0000000e+00
  -0.0000000e+00
  -2.7696667e-02
  -3.1479049e-02
  -3.1773489e-02
  -3.6496215e-02
  -3.8371634e-02
  -3.8534980e-02
  -3.9868299e-02
  -4.2261086e-02
  -3.9342366e-02
  -3.5129536e-02
  -3.0153569e-02
  -2.0512728e-02
  -1.3970997e-02
  -1.5703483e-02
  -1.4113992e-02
  -1.9091051e-02
  -0.0000000e+00
  -0.0000000e+00
  -0.0000000e+00
  -2.1340953e-02
  -1.2479020e-02
   3.2521598e-03
   1.1123809e-02
   1.8404070e-02
   5.5440221e-02
   0.0000000e+00
  -0.0000000e+00
  -0.0000000e+00
  -1.6967244e-02
  -5.7490864e-03
  -3.4844715e-03
   3.6416128e-03
   1.6050541e-03
  -5.7484549e-03
  -0.0000000e+00
  -6.1935738e-02
  -4.5649257e-02
  -4.4055704e-02
  -4.5156881e-02
  -4.8070114e-02
  -4.7437530e-02
  -4.9059842e-02
  -5.1630281e-02
  -5.3991117e-02
  -4.9780846e-02
  -4.5457304e-02
  -3.9867632e-02
  -2.8667986e-02
  -1.5611212e-02
  -1.4735227e-02
  -1.5399678e-02
  -2.5764106e-02
  -0.0000000e+00
  -0.0000000e+00
  -4.0856674e-02
  -3.1346157e-02
  -2.0030212e-02
   1.6050600e-03
   3.1047108e-02
   2.9877078e-02
   5.6278940e-02
   0.0000000e+00
  -0.0000000e+00
  -0.0000000e+00
  -2.9188382e-02
  -9.2886174e-03
  -3.0436844e-03
   6.2613762e-03
   1.1975114e-03
  -8.5898591e-03
  -0.0000000e+00
  -1.1940392e-01
  -9.9194675e-02
  -8.1338147e-02
  -8.4870111e-02
  -8.2229537e-02
  -7.4093038e-02
  -8.0062167e-02
  -8.6417798e-02
  -8.8865825e-02
  -8.0932164e-02
  -7.6391710e-02
  -6.9119857e-02
  -5.3507696e-02
  -2.1158557e-02
  -1.2227125e-02
  -1.9223412e-02
  -4.6646640e-02
  -0.0000000e+00
  -0.0000000e+00
  -6.1996317e-02
  -6.2264294e-02
  -4.3344846e-02
  -4.3272102e-03
   8.9551161e-02
   0.0000000e+00
   0.0000000e+00
  -0.0000000e+00
  -0.0000000e+00
  -0.0000000e+00
  -0.0000000e+00
  -1.9990460e-02
  -2.0878260e-03
   1.3403511e-02
  -4.8840847e-04
  -1.7346318e-02
  -0.0000000e+00
  -7.4601568e-02
  -8.2506955e-02
  -8.7002531e-02
  -9.4329633e-02
  -8.9202881e-02
  -7.9470456e-02
  -8.7313414e-02
  -9.5084615e-02
  -9.6000344e-02
  -8.7726720e-02
  -8.2765281e-02
  -7.4243590e-02
  -5.9640661e-02
  -1.6946493e-02
  -5.7064174e-03
  -6.8649665e-02
  -1.4680520e-01
  -0.0000000e+00
  -9.8965496e-02
  -7.4030586e-02
  -7.6531418e-02
  -5.8946423e-02
  -2.1820281e-02
   1.8131880e-02
  -0.0000000e+00
  -0.0000000e+00
  -0.0000000e+00
  -0.0000000e+00
  -0.0000000e+00
  -0.0000000e+00
  -1.5767118e-02
   1.5251392e-03
   3.4278907e-02
   8.9108587e-05
   6.2544970e-03
  -0.0000000e+00
  -3.4660898e-02
  -6.7630087e-02
  -9.2052258e-02
  -1.0276265e-01
  -9.5419523e-02
  -8.4264348e-02
  -9.3777797e-02
  -1.0281096e-01
  -1.0236067e-01
  -9.3783972e-02
  -8.8447232e-02
  -7.8811342e-02
  -6.5108119e-02
  -1.3191498e-02
   1.0670133e-04
  -1.1271246e-01
  -0.0000000e+00
  -5.4474895e-02
  -6.3020150e-02
  -8.4758988e-02
  -8.9250369e-02
  -7.2855010e-02
  -3.7415105e-02
  -4.5537404e-02
  -0.0000000e+00
  -0.0000000e+00
  -0.0000000e+00
  -0.0000000e+00
  -0.0000000e+00
  -0.0000000e+00
  -1.2002069e-02
   4.7460468e-03
   5.2889026e-02
   6.0395679e-04
   2.7294289e-02
   0.0000000e+00
  -6.6261967e-03
  -3.4296848e-02
  -5.2925598e-02
  -6.5087385e-02
  -7.0732340e-02
  -7.0961565e-02
  -7.3812149e-02
  -7.0786454e-02
  -7.0764087e-02
  -7.2374992e-02
  -6.8058178e-02
  -4.8921734e-02
  -3.6519106e-02
   4.0616826e-03
   7.2517581e-02
  -0.0000000e+00
  -6.6790558e-02
  -4.2265840e-02
  -4.5978498e-02
  -5.5372540e-02
  -5.1433861e-02
  -5.0311610e-02
  -4.2242296e-02
  -6.7746744e-02
  -0.0000000e+00
  -0.0000000e+00
  -0.0000000e+00
  -0.0000000e+00
  -0.0000000e+00
  -0.0000000e+00
   1.9793568e-02
   6.7581683e-02
   0.0000000e+00
   7.5789116e-02
   2.3554596e-01
   0.0000000e+00
   1.0363138e-03
  -2.0585936e-02
  -3.2744754e-02
  -4.3525513e-02
  -5.2131996e-02
  -5.6604218e-02
  -5.8098182e-02
  -5.3234000e-02
  -5.4516904e-02
  -5.8731250e-02
  -5.4923709e-02
  -3.4891970e-02
  -2.4395019e-02
   2.9218473e-02
   0.0000000e+00
  -7.9822997e-03
  -2.5797315e-02
  -2.8100077e-02
  -3.2431159e-02
  -3.7903771e-02
  -3.2797739e-02
  -3.7875868e-02
  -3.7640281e-02
  -6.4850852e-02
  -0.0000000e+00
  -0.0000000e+00
  -0.0000000e+00
  -0.0000000e+00
  -0.0000000e+00
  -0.0000000e+00
   3.1362802e-02
   8.4110230e-02
   0.0000000e+00
   0.0000000e+00
   0.0000000e+00
  -0.0000000e+00
   0.0000000e+00
   8.8737177e-03
   1.8142169e-02
   1.3971113e-02
   3.3855728e-03
  -9.3934968e-03
  -1.0521138e-02
  -7.4551031e-03
  -1.3621997e-02
  -2.0507772e-02
  -1.7959754e-02
  -1.5517593e-03
   2.3265468e-03
   1.1652743e-01
   0.0000000e+00
  -9.4724637e-03
   9.5311832e-03
   1.9174614e-02
   8.7155900e-03
   9.5393941e-03
   1.2918033e-02
  -5.3316416e-03
  -1.5621676e-02
  -3.6473944e-02
  -0.0000000e+00
  -0.0000000e+00
  -0.0000000e+00
  -0.0000000e+00
  -0.0000000e+00
   0.0000000e+00
   5.3441651e-02
   1.0246625e-01
   0.0000000e+00
   0.0000000e+00
   0.0000000e+00
  -0.0000000e+00
  -0.0000000e+00
   2.1213330e-02
   4.9662471e-02
   6.4618930e-02
   5.6484014e-02
   3.9194182e-02
   3.2516636e-02
   3.2760669e-02
   2.4276868e-02
   2.1747159e-02
   2.3659810e-02
   2.8132372e-02
   2.5579829e-02
   1.7863700e-01
   0.0000000e+00
  -1.3650646e-03
   3.1733699e-02
   4.2138621e-02
   4.1693021e-02
   4.9823128e-02
   4.7199093e-02
   2.6074264e-02
   9.4984137e-03
  -2.5530690e-03
   0.0000000e+00
  -0.0000000e+00
   0.0000000e+00
   0.0000000e+00
   0.0000000e+00
   0.0000000e+00
   0.0000000e+00
   0.0000000e+00
   0.0000000e+00
   0.0000000e+00
   0.0000000e+00
  -0.0000000e+00
  -0.0000000e+00
   2.9035341e-02
   6.5396085e-02
   9.1075607e-02
   8.7825261e-02
   6.9846444e-02
   5.9966080e-02
   5.8095686e-02
   4.9869105e-02
   5.1280491e-02
   5.1382184e-02
   4.6202827e-02
   5.1034804e-02
   2.0914710e-01
   0.0000000e+00
   0.0000000e+00
   0.0000000e+00
   5.3908881e-02
   6.0312357e-02
   7.1824357e-02
   6.6042960e-02
   4.6693087e-02
   2.6140692e-02
   1.8410172e-02
   0.0000000e+00
   0.0000000e+00
   3.7016023e-02
   4.9067289e-02
   0.0000000e+00
   0.0000000e+00
   0.0000000e+00
   0.0000000e+00
   0.0000000e+00
   0.0000000e+00
   0.0000000e+00
   0.0000000e+00
   0.0000000e+00
   0.0000000e+00
   4.2575517e-02
   6.2600697e-02
   8.3099440e-02
   7.9279339e-02
   7.0401820e-02
   6.5654330e-02
   6.8960310e-02
   7.9533922e-02
   6.9682177e-02
   4.7391185e-02
   1.3073423e-01
   0.0000000e+00
   0.0000000e+00
   0.0000000e+00
   0.0000000e+00
   3.9427238e-02
   5.1483109e-02
   5.5857230e-02
   5.3298935e-02
   5.8408535e-02
   3.6558797e-02
   2.1954485e-02
   2.7465945e-02
   2.9330475e-02
   2.9277161e-02
   4.8310981e-02
   9.6006713e-02
   0.0000000e+00
   0.0000000e+00
   0.0000000e+00
   0.0000000e+00
   0.0000000e+00
   0.0000000e+00
   0.0000000e+00
   0.0000000e+00
   0.0000000e+00
  -1.1441424e-02
  -1.7474098e-03
   3.2212585e-02
   3.6057111e-02
   3.3805024e-02
   4.0228557e-02
   4.5403857e-02
   4.2134963e-02
   2.8433312e-02
   1.9828651e-02
   6.8143576e-02
   0.0000000e+00
  -0.0000000e+00
  -0.0000000e+00
   0.0000000e+00
   2.3000434e-02
   3.7216432e-03
  -2.3599260e-03
   1.3534185e-02
   3.4070823e-02
   2.4600253e-02
   2.6369328e-02
   0.0000000e+00
   3.1442706e-02
   4.5841593e-02
   0.0000000e+00
   0.0000000e+00
  -0.0000000e+00
  -0.0000000e+00
   0.0000000e+00
   0.0000000e+00
   0.0000000e+00
   0.0000000e+00
   0.0000000e+00
   0.0000000e+00
  -0.0000000e+00
  -6.1271664e-02
  -4.4217620e-02
  -8.5617304e-03
  -8.6345794e-03
  -9.2903497e-03
   5.2350466e-03
   1.6547179e-02
   9.2446161e-03
  -9.6297916e-04
  -8.0366421e-04
   2.4967059e-02
   0.0000000e+00
  -0.0000000e+00
  -0.0000000e+00
   0.0000000e+00
   0.0000000e+00
  -3.1993147e-02
  -4.3199264e-02
  -1.8459640e-02
   9.7180568e-03
   9.3063433e-03
   1.6358228e-02
   3.7238631e-02
   0.0000000e+00
   0.0000000e+00
  -0.0000000e+00
   0.0000000e+00
  -0.0000000e+00
  -0.0000000e+00
   0.0000000e+00
   0.0000000e+00
   0.0000000e+00
   0.0000000e+00
   0.0000000e+00
  -0.0000000e+00
  -0.0000000e+00
  -0.0000000e+00
  -6.0472906e-02
  -3.9459605e-02
  -5.5500526e-02
  -5.9646573e-02
  -3.7661776e-02
  -1.4075524e-02
  -1.4371706e-02
  -1.4776845e-02
  -3.2082309e-03
   6.5501826e-03
  -0.0000000e+00
  -0.0000000e+00
  -0.0000000e+00
   0.0000000e+00
  -0.0000000e+00
  -0.0000000e+00
  -6.1931740e-02
  -3.9119873e-02
  -1.6786503e-02
  -9.5660677e-03
  -8.3765835e-03
  -1.8591192e-02
   0.0000000e+00
  -0.0000000e+00
  -0.0000000e+00
  -0.0000000e+00
  -0.0000000e+00
  -0.0000000e+00
  -0.0000000e+00
   0.0000000e+00
   0.0000000e+00
   0.0000000e+00
  -0.0000000e+00
  -0.0000000e+00
  -0.0000000e+00
  -0.0000000e+00
  -2.9470159e-02
  -4.3925922e-02
  -8.1010498e-02
  -9.1635220e-02
  -6.1891377e-02
  -2.3008741e-02
  -6.2167849e-03
   6.9402708e-03
   4.1027136e-02
   0.0000000e+00
  -0.0000000e+00
  -0.0000000e+00
   0.0000000e+00
   0.0000000e+00
  -0.0000000e+00
  -0.0000000e+00
  -3.5670470e-02
  -2.9166106e-02
  -3.9320413e-02
  -3.1977810e-02
  -3.8907573e-02
  -0.0000000e+00
  -0.0000000e+00
  -0.0000000e+00
  -0.0000000e+00
  -0.0000000e+00
   0.0000000e+00
   0.0000000e+00
   0.0000000e+00
   0.0000000e+00
   0.0000000e+00
   0.0000000e+00
  -0.0000000e+00
  -0.0000000e+00
   0.0000000e+00
   0.0000000e+00
  -0.0000000e+00
  -0.0000000e+00
  -7.4602850e-02
  -7.5707980e-02
  -4.4182952e-02
  -1.0364376e-02
   8.8509545e-03
   3.6470752e-02
   0.0000000e+00
   0.0000000e+00
  -0.0000000e+00
  -0.0000000e+00
  -0.0000000e+00
  -0.0000000e+00
  -0.0000000e+00
  -0.0000000e+00
  -1.1004285e-02
  -1.1081656e-02
  -4.6666820e-02
  -6.8830252e-02
  -5.1810432e-02
  -1.9715428e-02
   0.0000000e+00
   0.0000000e+00
  -0.0000000e+00
  -0.0000000e+00
   0.0000000e+00
   0.0000000e+00
  -0.0000000e+00
  -0.0000000e+00
   0.0000000e+00
  -0.0000000e+00
   0.0000000e+00
   0.0000000e+00
   0.0000000e+00
   0.0000000e+00
  -0.0000000e+00
  -0.0000000e+00
  -0.0000000e+00
  -0.0000000e+00
  -0.0000000e+00
  -3.1709606e-03
   0.0000000e+00
   0.0000000e+00
   0.0000000e+00
  -0.0000000e+00
  -0.0000000e+00
  -0.0000000e+00
  -0.0000000e+00
  -0.0000000e+00
  -0.0000000e+00
  -1.9173983e-02
  -9.0232175e-03
   0.0000000e+00
   0.0000000e+00
  -3.2437991e-02
  -3.6635693e-02
  -2.0216569e-02
   4.4219298e-03
  -6.3495636e-03
  -0.0000000e+00
  -0.0000000e+00
  -0.0000000e+00
  -0.0000000e+00
  -0.0000000e+00
  -0.0000000e+00
   0.0000000e+00
   0.0000000e+00
  -1.7704570e-02
  -7.4565791e-03
  -7.8299704e-03
  -9.1342739e-03
  -9.6739094e-03
  -9.4870779e-03
  -7.1110324e-03
  -3.6997426e-03
  -4.0007545e-03
  -7.1775893e-03
  -8.8457284e-03
  -7.6751025e-03
  -7.6602554e-03
  -1.2772258e-02
  -1.1243587e-02
  -1.0766076e-02
  -1.8740571e-02
  -1.9687550e-02
  -8.1103651e-03
   7.0725280e-03
   0.0000000e+00
   0.0000000e+00
   0.0000000e+00
   0.0000000e+00
   2.6093882e-05
  -8.8770195e-03
  -1.4667012e-02
  -1.8561975e-02
  -1.8943192e-02
  -1.3747026e-02
  -1.0488130e-02
  -1.0478636e-02
  -8.6226328e-03
  -7.3021135e-03
  -1.2491800e-02
  -1.4603303e-02
