   3.2551301e+00
   4.2745304e+00
   5.0788383e+00
   5.7752657e+00
   6.4851761e+00
   7.1361914e+00
   7.4469490e+00
   6.9135323e+00
   5.2069407e+00
   3.6923203e+00
   1.8917670e+00
   1.2201223e-01
  -5.2965021e-01
  -2.4898258e-01
   5.4490376e-01
   1.5639971e+00
   2.5005271e+00
   3.1886411e+00
   3.4239705e+00
   2.9844275e+00
   1.7364011e+00
   3.8783517e-01
  -9.6107650e-01
  -2.6159284e+00
  -3.8232927e+00
  -4.2757654e+00
  -3.8961148e+00
  -2.6167030e+00
  -4.9980852e-01
   1.6497900e+00
   3.1613231e+00
   3.7139709e+00
   3.3406987e+00
   2.5278778e+00
   2.1149261e+00
   2.4071090e+00
   1.0524539e+00
   6.4164680e-01
  -9.8144132e-01
  -1.8785989e+00
  -1.2887980e+00
  -1.1920669e-01
   4.1971344e-01
   6.8978488e-01
   8.4804201e-01
   3.3894134e-01
  -7.8598493e-01
  -5.7599002e-01
   1.0343941e+00
   2.2979715e+00
   2.2084196e+00
   1.4765141e+00
   1.0292175e+00
   6.5206569e-01
  -1.1755727e-02
  -7.7215880e-01
  -9.5523763e-01
  -5.6368107e-01
   1.5871967e-01
   9.5015979e-01
   1.3834444e+00
   1.1014764e+00
   4.4960049e-01
   4.5010442e-01
   1.6836979e+00
   3.0567811e+00
   3.9830523e+00
   4.0152555e+00
   2.8875844e+00
   9.4715434e-01
  -1.6628848e-01
   1.9408776e-01
   8.6148572e-01
  -5.3165853e-01
  -2.8124406e+00
  -2.8531089e+00
  -5.9443462e-01
   1.2174578e+00
   7.5418520e-01
   5.9107733e-01
   1.5191299e+00
   1.7222600e+00
   6.8222326e-01
   1.0155309e+00
   2.3035638e+00
   2.4447196e+00
   1.1261958e+00
  -1.0224487e-01
  -1.5242293e-01
   5.4869521e-02
  -4.5738843e-01
  -1.0259745e+00
  -3.6275303e-01
   4.9634576e-01
   1.0196376e+00
   1.6585779e+00
   1.7844031e+00
   9.8033798e-01
  -2.9025659e-01
  -1.2132632e+00
  -6.7512739e-01
   3.1819978e-01
   7.8109276e-01
   9.9976528e-01
   6.9169647e-01
  -4.8438349e-01
  -1.0100973e+00
  -7.9499006e-02
   2.1340406e+00
   3.7235156e-01
  -1.7222323e+00
  -7.1946639e-01
   2.0876384e+00
   2.9262118e+00
   8.6865491e-01
   4.4335148e-01
   2.2565122e+00
   3.0731575e+00
   1.7493470e+00
   1.1287341e+00
   1.0884746e+00
   7.3813683e-01
   3.4764165e-01
   1.0389996e-02
   1.5497757e-01
   3.2819051e-01
  -2.8126797e-01
  -3.9819723e-01
   1.1273013e+00
   1.3756592e+00
   3.9808697e-01
   4.6737891e-01
   4.1437995e-01
   4.7077626e-01
   6.8387526e-01
  -2.2179638e-01
  -2.4766736e-02
   1.2911692e+00
   1.2321347e+00
   6.0257721e-01
  -2.3558876e-01
  -1.0901833e+00
  -6.6725492e-01
   1.0089369e+00
   2.7497041e+00
   4.6496740e-01
  -1.3879358e+00
  -1.6941348e-01
   2.2207546e+00
   2.1471710e+00
  -4.7376436e-01
  -3.7376133e-01
   2.1501331e+00
   3.1621804e+00
   1.3614503e+00
  -2.2020099e-01
  -1.1563398e+00
  -1.1237468e+00
  -6.0263172e-02
   1.0083711e-01
  -3.9086208e-02
  -2.3513514e-01
  -8.5360932e-01
  -2.8192040e-01
   1.7115693e+00
   1.2259912e+00
  -5.8196944e-01
  -1.5272065e-01
  -6.7444228e-02
   8.0859357e-01
   1.8783342e+00
  -5.2807182e-02
  -3.2854009e-01
   1.8534554e+00
   2.0133586e+00
   9.2567360e-01
  -5.0843632e-01
  -1.1116083e+00
  -8.8323049e-02
   1.8330411e+00
   1.9861417e+00
  -5.9115446e-01
  -1.6842358e+00
  -5.4857165e-01
   1.3162045e+00
   1.1750109e+00
  -1.3987558e+00
  -1.2037798e+00
   1.2942344e+00
   2.2352865e+00
   2.0991555e-01
  -1.6250060e+00
  -2.4643974e+00
  -1.9407041e+00
  -3.3087555e-01
  -2.8320614e-01
  -4.9138302e-01
  -1.0010978e+00
  -1.3045740e+00
  -1.3572086e-01
   1.4670296e+00
   5.6950033e-01
  -1.0949637e+00
  -1.8753399e-01
  -2.3980036e-01
   6.5491426e-01
   1.3317388e+00
  -1.4264925e+00
  -1.1230483e+00
   1.6749544e+00
   1.8292110e+00
   5.6122792e-01
  -9.6788102e-01
  -1.2991458e+00
  -2.2739412e-01
   1.5065237e+00
   6.7574185e-01
  -1.7683836e+00
  -1.7693511e+00
  -6.4900196e-01
   6.8147653e-01
   5.2952123e-01
  -1.8745087e+00
  -1.9424546e+00
   1.2008423e-01
   9.1652858e-01
  -9.8860389e-01
  -2.5691698e+00
  -2.8906345e+00
  -2.1051538e+00
  -5.4110199e-01
  -7.3175317e-01
  -8.1098819e-01
  -1.5200951e+00
  -1.4021583e+00
   8.3912976e-02
   9.7894984e-01
  -5.5868208e-02
  -1.3365171e+00
  -3.5444802e-01
  -6.3358027e-01
   3.2297716e-02
   1.3002267e-01
  -2.4535115e+00
  -1.1066211e+00
   1.5577637e+00
   1.2955140e+00
  -2.1121371e-01
  -1.6678210e+00
  -1.7822403e+00
  -8.0455256e-01
   6.4659429e-01
  -1.1090193e+00
  -2.8796105e+00
  -1.3049560e+00
  -1.1297152e-02
   6.1937939e-01
   8.0475224e-02
  -2.1415710e+00
  -2.7586022e+00
  -1.4845482e+00
  -8.7721941e-01
  -2.2516097e+00
  -3.1086950e+00
  -2.6359833e+00
  -1.8685263e+00
  -7.5527259e-01
  -1.1565622e+00
  -9.3141126e-01
  -1.7498697e+00
  -1.1099224e+00
   3.9795129e-01
   3.7135444e-01
  -5.8063546e-01
  -1.4779071e+00
  -1.0053274e+00
  -1.5171823e+00
  -1.0945940e+00
  -1.3925642e+00
  -2.4290808e+00
   2.9529273e-01
   1.8076193e+00
   6.0561477e-01
  -1.3797033e+00
  -2.7482457e+00
  -2.6871848e+00
  -1.7753702e+00
  -6.3870011e-01
  -1.3375572e+00
  -1.1682608e+00
   4.9973097e-01
   1.1657159e+00
   9.1250455e-01
  -8.0866355e-01
  -2.2176943e+00
  -2.9300566e+00
  -2.0583730e+00
  -1.6029434e+00
  -2.0654564e+00
  -2.3505583e+00
  -1.7617753e+00
  -1.6274028e+00
  -7.3939341e-01
  -1.0632880e+00
  -6.6836655e-01
  -1.9474325e-01
   8.9691103e-01
   7.4996781e-01
   6.0687774e-01
  -3.5137045e-01
  -1.6186354e+00
  -1.7081170e+00
  -1.8623693e+00
  -1.3307894e+00
  -3.8354909e-01
   7.6892900e-01
   1.8838873e+00
   6.8114108e-01
  -5.6662762e-01
  -1.8122194e+00
  -2.5377407e+00
  -2.5514805e+00
  -1.5548743e+00
  -8.8554776e-01
  -6.7410189e-01
   6.4784366e-01
   1.1780764e+00
   9.4147509e-01
   6.0541940e-01
  -1.2332103e+00
  -1.9601864e+00
  -2.7125587e+00
  -1.7218572e+00
  -1.1832335e+00
  -1.3133870e+00
  -1.6191280e+00
  -1.1040736e+00
  -1.3020369e+00
  -4.7394308e-01
  -7.0278656e-01
  -2.9712456e-01
   1.1410334e+00
   2.1060843e+00
   5.6267852e-01
   8.7342942e-01
  -3.4365615e-01
  -1.8647268e+00
  -1.7204839e+00
  -1.4604331e+00
  -6.9239026e-01
   1.0945022e+00
   2.5488579e+00
   1.5222682e+00
  -6.5178525e-01
  -1.3220776e+00
  -1.5080801e+00
  -1.6557063e+00
  -1.9924175e+00
  -1.0755763e+00
  -6.3493049e-01
   6.2133895e-01
   3.4435470e+00
   1.8480997e+00
   1.5050699e-01
  -5.4338966e-02
  -1.7297176e+00
  -1.4614238e+00
  -2.2568835e+00
  -9.1775943e-01
  -1.7712185e-01
   1.2124878e-02
  -5.1528878e-01
  -1.7330975e-01
  -7.8014658e-01
   9.9080069e-03
  -6.8705724e-02
   3.0222881e-01
   3.1021521e+00
   3.6889667e+00
   1.0467035e-01
   1.2887838e+00
  -4.0306085e-01
  -2.2728313e+00
  -1.5176060e+00
  -6.0924622e-01
   5.5935663e-01
   3.4930352e+00
   4.8005785e+00
   3.4610023e-01
  -2.7452877e+00
  -2.3371957e+00
  -8.0899124e-01
  -9.8622224e-02
  -1.0062165e+00
  -2.6352566e-01
  -9.4043046e-02
   2.4001567e+00
   4.8424006e+00
   8.9397943e-01
  -1.8673759e+00
  -1.0698962e+00
  -1.2703173e+00
  -4.1529739e-01
  -1.2386349e+00
   6.6232979e-01
   1.5690001e+00
   1.3333814e+00
   4.0803641e-01
   1.1243988e+00
   7.0618767e-01
   1.2130848e+00
   1.4030321e+00
   1.8098561e+00
   4.5494909e+00
   3.8781922e+00
  -1.3014164e+00
   1.1937418e+00
  -1.0534221e+00
  -2.3550861e+00
  -4.7252166e-01
   1.1424446e+00
   2.8509445e+00
   6.2026095e+00
   4.8517876e+00
  -1.6372632e+00
  -3.3216341e+00
  -1.9435177e+00
   6.3004905e-01
   1.4780097e+00
   1.8320277e-01
   8.9585662e-01
   1.3815610e+00
   3.0641468e+00
   5.0931721e+00
   5.4032481e-01
  -2.3864288e+00
  -1.2146512e+00
  -8.9338088e-01
   7.6523393e-02
  -6.3165194e-01
   1.4075269e+00
   2.2675326e+00
   1.8716400e+00
   8.8663155e-01
   1.8020905e+00
   1.4506100e+00
   1.8443433e+00
   2.1395621e+00
   2.5921082e+00
   5.1358752e+00
   3.6270869e+00
  -1.8071761e+00
   1.0867147e+00
  -1.2291354e+00
  -2.0496621e+00
   1.5575689e-01
   1.9034665e+00
   3.7445357e+00
   7.0077715e+00
   4.5103598e+00
  -2.2880967e+00
  -3.2434878e+00
  -1.5132443e+00
   1.3321565e+00
   2.0537689e+00
   7.2794390e-01
   1.4586309e+00
   2.0726368e+00
   4.0083048e+00
   4.0707808e+00
   5.0127467e-02
  -1.9346027e+00
  -2.2981127e-01
   6.8655617e-01
   1.2907302e+00
   1.3843504e+00
   3.2567164e+00
   3.4983419e+00
   2.8659989e+00
   2.2477462e+00
   3.7478707e+00
   3.4725863e+00
   3.6674598e+00
   4.1378989e+00
   4.8197117e+00
   6.2040664e+00
   1.6352024e+00
  -2.4292939e+00
   5.7096455e-01
  -1.1382903e+00
   9.2570755e-02
   2.2593481e+00
   3.5300901e+00
   5.2092585e+00
   7.1046277e+00
   2.1928727e+00
  -2.7587340e+00
  -1.6421369e+00
   5.3820817e-01
   3.1686543e+00
   2.8076326e+00
   2.0145177e+00
   2.9194490e+00
   3.7680444e+00
   3.6001120e+00
   3.4768713e+00
   4.9438542e-01
  -8.2902801e-01
   6.5859646e-01
   1.2722857e+00
   1.5482024e+00
   2.0614717e+00
   3.4255939e+00
   3.3398905e+00
   3.0354190e+00
   2.7753520e+00
   4.1251688e+00
   3.8243389e+00
   4.2214818e+00
   4.4520340e+00
   5.1528687e+00
   5.4308677e+00
   6.9960880e-01
  -1.9305856e+00
   2.1041676e-01
  -6.0117728e-01
   1.5088208e+00
   3.2787879e+00
   4.0025806e+00
   5.1116004e+00
   6.0867062e+00
   1.2545873e+00
  -2.2050698e+00
  -1.0352747e+00
   1.0060856e+00
   3.0736439e+00
   2.6550250e+00
   2.3317626e+00
   3.0111055e+00
   3.6808968e+00
   3.0898289e+00
   2.7344248e+00
   1.0497524e+00
   5.5305070e-01
   1.7691943e+00
   2.0045060e+00
   1.8700682e+00
   2.9079411e+00
   3.6367083e+00
   3.1418110e+00
   3.2472106e+00
   3.4349117e+00
   4.5968280e+00
   4.2640651e+00
   4.9140645e+00
   4.8447341e+00
   5.5693476e+00
   4.4642922e+00
  -4.6997645e-01
  -1.3071506e+00
  -2.4030396e-01
   7.0267588e-02
   3.2792747e+00
   4.5531892e+00
   4.5932412e+00
   4.9895183e+00
   4.8142033e+00
   8.1636978e-02
  -1.5129343e+00
  -2.7663678e-01
   1.5909792e+00
   2.9548708e+00
   2.4642503e+00
   2.7283503e+00
   3.1256859e+00
   3.5719534e+00
   1.2948686e+00
   1.4772040e+00
   4.0623125e-01
  -4.2196214e-02
   7.1959394e-01
   1.0545344e+00
   8.9788449e-01
   1.4441226e+00
   1.4087750e+00
   1.0958251e+00
   1.6305385e+00
   1.9668229e+00
   2.6033196e+00
   2.4474664e+00
   3.6309276e+00
   3.3541739e+00
   3.4501116e+00
   1.9880058e+00
  -8.7253255e-01
  -6.7028266e-01
  -1.0289743e+00
   2.6296154e-01
   3.0716946e+00
   4.0270839e+00
   4.5809245e+00
   5.1115208e+00
   4.2117996e+00
   7.8426969e-01
   5.9620380e-01
   1.1092663e+00
   1.4819881e+00
   9.6052963e-01
   1.5121589e+00
   1.1530871e+00
   1.1368465e+00
   1.4033756e+00
   6.0858243e-01
   9.9651739e-01
   1.6018698e-01
  -2.6978326e-01
   3.1828896e-01
   6.9132163e-01
   5.2617915e-01
   8.8444527e-01
   5.5694535e-01
   3.1356141e-01
   1.0124190e+00
   1.4055129e+00
   1.8411204e+00
   1.7529071e+00
   3.1403322e+00
   2.7842720e+00
   2.6398409e+00
   1.0412207e+00
  -1.0264462e+00
  -4.2678217e-01
  -1.3305150e+00
   3.3663626e-01
   2.9923286e+00
   3.8259324e+00
   4.5762155e+00
   5.1581671e+00
   3.9814766e+00
   1.0529147e+00
   1.4026129e+00
   1.6391534e+00
   1.4403162e+00
   1.9801180e-01
   1.1481356e+00
   5.5079993e-01
   3.7643266e-01
   5.7424052e-01
  -7.7960068e-01
  -1.2009790e+00
  -2.4091132e+00
  -3.2853751e+00
  -3.4191632e+00
  -2.5982327e+00
  -2.3258591e+00
  -2.7935026e+00
  -3.2417367e+00
  -3.2880416e+00
  -3.0831428e+00
  -2.9168026e+00
  -2.9160116e+00
  -2.6509442e+00
  -1.4528599e+00
  -2.3428376e-01
  -5.6752634e-01
  -1.4690814e+00
  -1.0852268e+00
  -1.4290699e+00
  -2.6199245e+00
  -1.6147920e+00
  -1.1113971e+00
  -5.8273196e-01
   2.7768025e+00
   5.5203886e+00
   4.1237426e+00
   2.1990640e+00
   2.7476263e+00
   3.4642901e+00
   2.0978279e+00
  -1.9832180e+00
  -9.0089124e-01
  -1.6909220e+00
  -5.4019642e-01
  -7.2899938e-01
  -6.2007314e-01
  -1.1829693e+00
  -2.4235697e+00
  -3.4062717e+00
  -3.8386250e+00
  -3.2281599e+00
  -2.9363701e+00
  -3.2121220e+00
  -3.6101177e+00
  -3.7881351e+00
  -3.7618933e+00
  -3.5716207e+00
  -3.6187437e+00
  -3.3157835e+00
  -2.5482216e+00
  -6.5440649e-01
  -6.7842412e-01
  -1.5996295e+00
  -1.2380886e+00
  -1.7973413e+00
  -2.8510268e+00
  -2.3229277e+00
  -2.1106138e+00
  -1.8898674e+00
   1.6082646e+00
   4.6963978e+00
   3.3314118e+00
   1.5664599e+00
   1.8046290e+00
   2.8445282e+00
   2.1966305e+00
  -1.9532576e+00
  -1.3035941e+00
  -1.5849279e+00
   1.7519286e-01
  -4.9672326e-01
  -8.1715579e-02
  -1.0368660e+00
  -2.3596713e+00
  -3.6441911e+00
  -4.9453034e+00
  -4.9872500e+00
  -4.6552945e+00
  -4.3187523e+00
  -4.5604388e+00
  -5.1432654e+00
  -5.6342859e+00
  -5.3624743e+00
  -5.5356795e+00
  -5.1333990e+00
  -5.6541689e+00
  -1.7931334e+00
  -8.7822085e-01
  -1.8877356e+00
  -1.6958779e+00
  -2.8642536e+00
  -3.4929353e+00
  -4.3734425e+00
  -4.9475461e+00
  -5.6411539e+00
  -1.8348171e+00
   2.2003220e+00
   9.3985680e-01
  -3.8615127e-01
  -1.0908506e+00
   9.0219374e-01
   2.4666213e+00
  -1.7718519e+00
  -2.4304089e+00
  -1.1720652e+00
   2.3674626e+00
   2.5711962e-01
   9.9727255e-01
   6.7376971e-01
  -6.5116912e-01
  -2.2979317e+00
  -4.2311649e+00
  -4.8639050e+00
  -4.7535095e+00
  -3.9037476e+00
  -4.1644011e+00
  -4.7655535e+00
  -5.2739477e+00
  -4.9500089e+00
  -4.9844904e+00
  -4.7051730e+00
  -6.2221460e+00
  -1.6367673e+00
   1.2612364e-01
  -1.3308976e+00
  -1.6669582e+00
  -2.3383884e+00
  -2.9241633e+00
  -4.5151463e+00
  -4.9739442e+00
  -6.5371485e+00
  -4.1829262e+00
  -5.1450586e-01
  -1.3312242e+00
  -1.9662210e+00
  -3.3774855e+00
  -1.6351407e+00
   1.9030524e+00
  -9.0816873e-01
  -2.5572834e+00
  -8.2813555e-01
   3.4221790e+00
   8.2679260e-01
   1.9591754e+00
   2.1987772e+00
   8.7193640e-01
  -1.0977602e+00
  -3.5945214e+00
  -4.7539449e+00
  -4.8410667e+00
  -3.5337764e+00
  -3.8113383e+00
  -4.4288289e+00
  -4.9527116e+00
  -4.5823024e+00
  -4.4931134e+00
  -4.3234150e+00
  -6.7284886e+00
  -1.4973688e+00
   1.0214825e+00
  -8.3448410e-01
  -1.6411765e+00
  -1.8695873e+00
  -2.4171117e+00
  -4.6414731e+00
  -4.9974787e+00
  -7.3359154e+00
  -6.2762329e+00
  -2.9347365e+00
  -3.3558610e+00
  -3.3748307e+00
  -5.4159883e+00
  -3.8971386e+00
   1.4006385e+00
  -1.3820730e-01
  -2.6703900e+00
  -5.2152702e-01
   4.3624442e+00
   1.3346480e+00
   3.7074995e+00
   3.9198923e+00
   2.9924531e+00
   1.3360796e+00
  -1.2196832e+00
  -2.7113478e+00
  -3.2733009e+00
  -2.3893480e+00
  -2.4145763e+00
  -2.4083076e+00
  -2.9753118e+00
  -3.0171933e+00
  -3.2778976e+00
  -3.0362957e+00
  -6.0457363e+00
  -8.5408664e-01
   2.6072769e+00
   8.6506593e-01
   1.9604595e-02
   3.0102643e-01
  -5.1342511e-01
  -2.2960451e+00
  -2.8422186e+00
  -5.5537510e+00
  -6.3163729e+00
  -3.4468193e+00
  -3.1098523e+00
  -2.5214102e+00
  -4.6599579e+00
  -4.7355714e+00
   2.7811658e-01
   8.1959069e-01
  -1.8485579e+00
  -1.8918858e+00
   2.8741570e+00
   2.2763500e+00
   3.8991091e+00
   3.7575295e+00
   3.2625897e+00
   2.0830927e+00
  -2.0288581e-01
  -1.7037597e+00
  -2.4858949e+00
  -1.8694435e+00
  -1.7822114e+00
  -1.5637473e+00
  -2.1549883e+00
  -2.3558393e+00
  -2.9070258e+00
  -2.7106454e+00
  -5.5985866e+00
  -5.9636718e-01
   3.0580966e+00
   1.5239046e+00
   6.5484327e-01
   9.5898128e-01
   1.3073118e-01
  -1.3197035e+00
  -1.9817394e+00
  -4.6032228e+00
  -5.7599726e+00
  -3.0283649e+00
  -2.5591178e+00
  -2.0130296e+00
  -4.0137033e+00
  -4.5531969e+00
  -1.4729340e-01
   9.1399509e-01
  -1.4657025e+00
  -2.2663250e+00
   2.1964743e+00
   2.5757656e+00
   3.3394024e+00
   1.8060618e+00
   2.7343010e+00
   3.2202460e+00
   2.0554143e+00
   7.6944621e-01
  -5.3157830e-01
  -6.6182300e-01
  -3.1699167e-01
   2.7568900e-01
  -3.7959693e-01
  -9.0246395e-01
  -2.3476705e+00
  -2.3861908e+00
  -4.3315709e+00
  -5.5294570e-02
   3.6557623e+00
   2.8654133e+00
   1.9315522e+00
   1.9401642e+00
   1.2590370e+00
   7.9945241e-01
  -1.8084199e-01
  -2.1604306e+00
  -3.5094958e+00
  -9.7083866e-01
  -5.4798929e-01
  -6.3096911e-01
  -2.0077495e+00
  -3.1904529e+00
  -9.9446858e-01
   5.6520546e-01
  -5.6056987e-01
  -2.7224045e+00
   6.1975761e-01
   3.0571748e+00
   9.7677684e-01
  -6.7364556e-01
   1.1901165e+00
   2.3979487e+00
   2.4802728e+00
   2.0795240e+00
   1.0469325e+00
   3.1503564e-01
   5.4721534e-01
   1.0091407e+00
   3.2668924e-01
  -1.3006166e-01
  -1.8358542e+00
  -1.9034188e+00
  -2.5633557e+00
   4.8752141e-01
   3.1849942e+00
   2.5364518e+00
   1.5979851e+00
   1.8341585e+00
   1.3712686e+00
   1.4269320e+00
   8.2518280e-01
  -6.2292206e-01
  -2.3047159e+00
  -5.7584476e-01
  -4.7389323e-01
  -8.6456406e-01
  -1.5649958e+00
  -2.3163483e+00
  -1.2219297e+00
  -2.5236946e-01
  -4.7491455e-01
  -1.0451450e+00
   1.0324876e+00
   2.1155112e+00
  -7.0024723e-01
  -2.2367575e+00
   1.4340277e-01
   1.6081582e+00
   2.4588439e+00
   2.7507970e+00
   2.1253419e+00
   1.0377092e+00
   1.0868628e+00
   1.4549077e+00
   7.7372193e-01
   3.9854237e-01
  -1.3962736e+00
  -1.4618825e+00
  -1.1939079e+00
   8.7190366e-01
   2.7095745e+00
   2.1130638e+00
   1.2355970e+00
   1.7641639e+00
   1.4062101e+00
   1.7261646e+00
   1.5161195e+00
   5.2750176e-01
  -1.3769693e+00
  -3.4693131e-01
  -4.7525543e-01
  -9.6055639e-01
  -1.1064079e+00
  -1.5520731e+00
  -1.2540329e+00
  -7.9412025e-01
  -4.6959263e-01
   2.7794918e-01
   1.4787233e+00
   1.3921173e+00
  -2.4592180e+00
  -2.7094676e+00
  -6.6208269e-01
  -4.4086309e-01
   5.2350331e-01
   1.9231628e+00
   3.0074845e+00
   1.9691329e+00
   1.2159491e+00
   1.4791967e+00
   9.2102934e-01
   8.3655950e-01
  -4.8343040e-01
  -4.1331445e-01
   9.1962510e-01
   1.2696444e+00
   1.3743451e+00
   5.4444058e-01
   1.1156807e-01
   1.7218372e+00
   1.1780061e+00
   1.1744245e+00
   2.1036993e+00
   2.0840198e+00
   2.5928220e-02
  -4.1157993e-01
  -7.9622564e-01
  -6.4777105e-01
   2.2925288e-01
   1.0129814e-01
  -5.2165659e-01
  -1.1338943e+00
  -7.9255897e-01
   2.4506981e+00
   2.8544848e+00
   3.0772705e-01
  -1.4492016e+00
  -1.5070444e+00
  -6.5570131e-02
  -7.6159465e-01
  -1.2388346e+00
  -5.5288386e-01
   1.8942875e+00
   1.6911944e+00
   5.4408598e-01
   9.8837507e-01
   9.0857220e-01
   7.6397270e-01
  -3.5944945e-01
  -5.9524518e-01
   6.5399331e-01
   5.4826450e-01
   1.7588578e-01
  -5.0269210e-01
  -5.6821203e-01
   1.3227260e+00
   4.3908653e-01
  -3.2076007e-01
   9.8847091e-01
   2.2811670e+00
   1.2792077e+00
   1.3433871e-01
  -6.3636875e-01
  -7.9760566e-02
   1.4594924e+00
   1.0433391e+00
  -2.3901200e-01
  -7.6227868e-01
  -6.7213321e-01
   1.8854660e+00
   2.6152654e+00
   7.9714060e-01
  -6.7274314e-01
  -1.2051724e+00
  -1.8215500e-02
  -7.1730959e-01
  -2.3088880e+00
  -2.7022126e+00
   4.2952654e-01
   1.1329873e+00
  -1.4441104e-01
   2.2081111e-01
   5.6863725e-01
   5.4186225e-01
  -4.3025839e-01
  -9.9478674e-01
   7.7430308e-03
  -2.7032271e-01
  -8.7367523e-01
  -1.3431641e+00
  -1.0495334e+00
   9.8308462e-01
   6.6330843e-02
  -1.5208313e+00
  -6.2952226e-01
   1.6427407e+00
   1.7527573e+00
   9.1246083e-02
  -1.1357570e+00
  -4.4311813e-01
   1.5332402e+00
   1.0777096e+00
  -4.3768808e-01
  -4.3498915e-01
  -3.3058631e-01
   9.4560415e-01
   1.8831321e+00
   1.2219664e+00
  -1.9861335e-01
  -1.6505049e+00
  -5.5301285e-01
  -5.7131088e-01
  -2.7868574e+00
  -4.2965078e+00
  -1.1293271e+00
   4.1553092e-01
  -8.8273442e-01
  -9.9728769e-01
  -2.3286530e-01
   1.7044969e-01
  -4.6091312e-01
  -1.1550367e+00
  -5.3468949e-01
  -9.2011207e-01
  -1.7335725e+00
  -2.0251141e+00
  -1.2638445e+00
   9.8113459e-01
   3.4117913e-01
  -2.2388470e+00
  -2.5317526e+00
   2.3920986e-01
   1.4449933e+00
  -4.8765606e-01
  -2.1412072e+00
  -1.5669026e+00
   6.3248432e-01
   4.9980938e-01
  -8.3748436e-01
  -1.6877998e-01
   1.8659472e-01
  -4.1184545e-02
   9.1817445e-01
   1.4961776e+00
  -2.7153474e-01
  -2.0467756e+00
  -1.2883488e+00
  -8.2041264e-01
  -2.4559078e+00
  -3.7896111e+00
  -1.3554467e+00
   1.2105003e-01
  -1.4033254e+00
  -2.5419753e+00
  -1.5487448e+00
  -1.9138984e-01
   1.7389521e-01
   1.0912556e-01
   3.8466173e-01
  -4.4032183e-01
  -1.8040569e+00
  -2.2628846e+00
  -9.8442304e-01
   1.7787207e+00
   1.6728642e+00
  -1.6232269e+00
  -3.2362695e+00
  -1.1148970e+00
   4.2920953e-01
  -1.1122859e+00
  -2.6631813e+00
  -2.4297590e+00
  -4.6359169e-01
   1.8076064e-01
  -6.2446898e-01
  -1.6746211e-01
   4.4747549e-01
   7.5763695e-02
   7.2085488e-01
   1.2959543e+00
   3.6080924e-01
  -2.6479197e-01
  -1.5261154e-01
  -3.8932681e-01
  -1.4016162e+00
  -1.7606715e+00
  -3.2844460e-01
   6.0185954e-02
  -1.6622914e+00
  -3.3254831e+00
  -2.5218530e+00
  -3.7978047e-01
   9.5433623e-01
   1.3121595e+00
   1.2222494e+00
   2.2369988e-01
  -1.3121669e+00
  -2.0895212e+00
  -1.0431120e+00
   1.0461049e+00
   1.3640954e+00
  -9.0626293e-01
  -2.4080317e+00
  -1.2824353e+00
  -4.1450210e-02
  -7.5711375e-01
  -1.5950671e+00
  -1.6342927e+00
  -5.7146168e-01
   2.2021759e-01
  -2.4044853e-01
  -5.6652009e-01
  -1.9494256e-01
   3.2583192e-01
   8.0771297e-01
   9.8298615e-01
   4.8904398e-01
   7.7920932e-01
   7.8178900e-01
   3.3853596e-01
  -1.3318929e-01
  -9.9498510e-02
   2.2528759e-01
  -2.5707969e-01
  -1.6065897e+00
  -2.6441493e+00
  -2.0737891e+00
  -6.9137609e-01
   1.7806830e-01
   3.6249721e-01
   2.9276422e-01
  -5.6577562e-03
  -6.1934024e-01
  -1.1879400e+00
  -1.3572395e+00
  -1.1104357e+00
  -4.8082238e-01
  -6.9635552e-01
  -1.2742900e+00
  -1.4230319e+00
  -8.9313048e-01
  -1.0194504e+00
  -1.6375302e+00
  -1.5517540e+00
  -1.0809112e+00
  -7.0030624e-01
  -8.5271084e-01
  -1.1697812e+00
  -8.8812697e-01
  -1.2370751e-01
   1.9782141e-01
   3.3770603e-01
   5.5878598e-01
   7.0242005e-01
   7.1191334e-01
   5.8438050e-01
   4.5952863e-01
   3.7060324e-01
   1.3819253e-01
  -3.1765513e-01
  -8.7019295e-01
  -1.2554568e+00
  -1.2321310e+00
  -8.8710582e-01
  -4.8297028e-01
  -8.6323102e-02
   3.2790539e-01
   6.8881738e-01
   8.4349573e-01
   7.5747463e-01
   4.9471459e-01
   4.7780853e-01
   6.5123688e-01
   5.9698728e-01
   1.4036254e-01
  -6.2167888e-01
  -1.2890054e+00
  -1.3983819e+00
  -1.1245858e+00
  -8.7835805e-01
  -6.7575765e-01
  -6.0790784e-01
  -6.5531652e-01
  -6.5915581e-01
  -4.4503443e-01
  -5.1118275e-02
   2.5194335e-01
   4.2832529e-01
