   0.0000000e+00
   0.0000000e+00
   0.0000000e+00
   0.0000000e+00
   0.0000000e+00
   0.0000000e+00
   0.0000000e+00
  -0.0000000e+00
  -0.0000000e+00
  -0.0000000e+00
  -0.0000000e+00
  -0.0000000e+00
  -0.0000000e+00
  -0.0000000e+00
  -0.0000000e+00
  -0.0000000e+00
  -0.0000000e+00
  -0.0000000e+00
  -0.0000000e+00
  -0.0000000e+00
  -0.0000000e+00
  -0.0000000e+00
  -0.0000000e+00
  -0.0000000e+00
  -0.0000000e+00
  -0.0000000e+00
  -0.0000000e+00
  -0.0000000e+00
  -0.0000000e+00
  -0.0000000e+00
  -0.0000000e+00
  -0.0000000e+00
  -0.0000000e+00
  -0.0000000e+00
   0.0000000e+00
   0.0000000e+00
  -0.0000000e+00
  -7.6679504e-03
   1.8135203e-02
   6.3151859e-02
   8.4620349e-02
   7.3047556e-02
   3.6570370e-02
   4.4629551e-03
  -1.2051174e-03
  -1.7707852e-03
  -5.5560749e-04
   2.8245751e-04
  -1.6673423e-02
  -3.0820472e-02
  -4.4196162e-02
  -4.5084760e-02
  -5.7825163e-02
  -4.8307735e-02
  -3.9553043e-02
  -3.0335091e-02
  -4.5245090e-03
  -5.9926929e-04
  -2.7425487e-03
  -5.7256157e-03
  -4.4234950e-02
  -5.4817680e-02
  -5.0487604e-02
  -6.2210891e-02
  -9.2424944e-02
  -7.7437639e-02
  -1.3871846e-01
  -1.5703191e-01
  -1.5186468e-01
  -7.6678492e-02
  -9.9331692e-02
  -0.0000000e+00
   2.7761441e-03
   7.1144116e-04
   8.9875031e-03
   2.1525653e-02
   1.9906055e-02
   1.7479178e-03
  -1.7180655e-02
  -1.6094321e-02
  -8.1036789e-03
  -1.2200354e-02
  -2.5011562e-02
  -2.9592315e-02
  -2.8491363e-02
  -2.9851373e-02
  -2.5956027e-02
  -1.5581600e-02
  -9.4758272e-03
  -4.0428559e-03
  -1.2072476e-03
  -2.2853510e-03
  -5.1325434e-03
  -1.1963367e-02
  -1.8919025e-02
  -2.0058857e-02
  -1.1525822e-02
  -7.1305204e-03
  -1.2943332e-02
  -2.0786522e-02
  -1.6046757e-02
  -9.6939849e-03
  -5.9328703e-03
  -2.8008923e-03
  -3.1786768e-03
  -2.9319697e-03
  -8.4413594e-04
   4.7117071e-03
   2.4189957e-04
  -2.6466446e-02
  -4.6493959e-02
  -5.5117596e-02
  -5.3293377e-02
  -5.3749796e-02
  -5.7243243e-02
  -4.1770436e-02
  -2.4854464e-02
  -4.1029818e-02
  -7.6018400e-02
  -8.2342044e-02
  -6.5927200e-02
  -4.1869603e-02
  -1.3888980e-02
  -5.1046847e-03
  -5.8690971e-03
  -1.4482209e-03
  -3.1657980e-03
  -1.0119256e-02
  -1.9165844e-02
  -2.2760533e-02
  -2.6251623e-02
  -2.5286380e-02
  -9.8523088e-03
   2.3443825e-04
  -2.5997455e-03
  -9.7104767e-03
  -6.9664698e-03
  -6.7666993e-03
  -1.0752801e-02
  -9.4050476e-03
  -3.9095688e-03
   6.9261398e-03
   1.1309011e-02
   1.2309555e-02
  -1.4157239e-02
  -3.2586548e-02
  -5.4749805e-02
  -7.2770663e-02
  -8.1533290e-02
  -7.9213619e-02
  -7.3745668e-02
  -5.8743376e-02
  -3.6223963e-02
  -3.9978240e-02
  -6.2831417e-02
  -5.7979010e-02
  -3.5391320e-02
  -1.8942362e-02
  -6.4344290e-03
  -9.2305224e-03
  -1.7142782e-02
  -9.6149668e-03
   3.0259918e-03
  -0.0000000e+00
  -1.7467653e-02
  -1.8879291e-02
  -1.9411545e-02
  -1.0187661e-02
  -1.7913595e-04
  -3.0143038e-04
  -8.2920585e-03
  -2.1413919e-02
  -1.8463729e-02
  -2.0444438e-02
  -3.1274889e-02
  -3.5247479e-02
  -3.2261565e-02
  -2.7164612e-02
  -2.2337414e-02
  -1.2026289e-02
  -2.3773305e-02
  -1.6922474e-02
  -1.6987752e-02
  -2.4939533e-02
  -3.0444652e-02
  -4.0717378e-02
  -5.4334462e-02
  -5.5260900e-02
  -2.9507086e-02
  -1.1876584e-02
  -1.0157389e-02
  -3.1262515e-03
   6.9452878e-03
   1.0622875e-02
   5.9448644e-03
   1.1064960e-03
  -7.2274525e-03
  -2.7685550e-03
   2.7136071e-02
   0.0000000e+00
  -5.6641339e-03
  -1.3637357e-02
  -1.7589051e-02
  -5.3127026e-03
  -4.4151013e-05
  -4.2445785e-03
  -1.9227844e-03
  -8.7194880e-03
  -2.7875984e-03
  -6.5438044e-03
  -2.4664357e-02
  -3.6753170e-02
  -3.5151117e-02
  -3.8354646e-02
  -4.1948393e-02
  -3.2462820e-02
   1.2686919e-02
   2.2861780e-02
   3.0030319e-02
   3.1491245e-02
   3.3170706e-02
   3.3340590e-02
   2.4603731e-02
   5.1438159e-03
   1.4360309e-02
   4.2084258e-02
   5.5452156e-02
   5.6053638e-02
   5.7333330e-02
   4.1219378e-02
   3.5039688e-02
   3.6746306e-02
   3.4484461e-02
   2.9980048e-02
   8.8563560e-02
   0.0000000e+00
   2.5908373e-02
   2.3775718e-02
   5.5877563e-03
   5.1036132e-03
   4.2826002e-03
   9.4814176e-03
   3.8532579e-02
   4.2471964e-02
   4.3058672e-02
   4.0568792e-02
   2.9415598e-02
   1.4689003e-02
   4.7572500e-03
  -2.1637573e-03
  -7.8728842e-03
  -2.4952582e-03
   5.9497617e-02
   5.7591695e-02
   5.0029717e-02
   5.1536210e-02
   0.0000000e+00
   5.8134958e-02
   6.0888529e-02
   5.0430790e-02
   5.9997901e-02
   7.7855676e-02
   9.8289400e-02
   8.5553810e-02
   7.4125901e-02
   5.7712220e-02
   6.1462075e-02
   6.0077548e-02
   6.2981062e-02
   5.0295066e-02
   5.1156715e-02
   0.0000000e+00
   4.5768809e-02
   5.6668043e-02
   4.4030212e-02
   4.2448401e-02
   4.2615652e-02
   4.9599729e-02
   7.1909122e-02
   6.3568778e-02
   5.4523095e-02
   5.5159375e-02
   7.6197818e-02
   7.9909034e-02
   6.7140080e-02
   5.6431878e-02
   5.1285278e-02
   5.0786804e-02
   8.3753765e-02
   9.0021327e-02
   7.5892478e-02
   0.0000000e+00
   0.0000000e+00
   7.7442653e-02
   6.8106033e-02
   6.3857831e-02
   7.7051066e-02
   8.8697955e-02
   1.0457692e-01
   8.8379189e-02
   7.2960265e-02
   5.5569537e-02
   6.4235896e-02
   5.9697181e-02
   6.5541893e-02
   4.9318202e-02
   3.3776712e-02
   0.0000000e+00
   0.0000000e+00
   5.5763081e-02
   5.3518146e-02
   5.7685964e-02
   6.1315801e-02
   6.4397968e-02
   7.0095725e-02
   5.6499913e-02
   0.0000000e+00
   4.6591811e-02
   8.5242584e-02
   1.0258824e-01
   9.2314348e-02
   8.0651730e-02
   7.9433456e-02
   7.8226417e-02
   1.0111751e-01
   1.2952611e-01
   0.0000000e+00
   0.0000000e+00
   0.0000000e+00
   9.8554875e-02
   6.0198134e-02
   6.2138609e-02
   8.1815077e-02
   8.7776159e-02
   9.1121637e-02
   7.6337979e-02
   6.0989473e-02
   4.1971894e-02
   5.3899576e-02
   4.5350793e-02
   5.3599644e-02
   3.5635572e-02
   2.3596227e-02
   0.0000000e+00
   0.0000000e+00
   3.4857500e-02
   4.8536194e-02
   6.3951031e-02
   7.3389595e-02
   6.8230659e-02
   4.7231348e-02
   3.1123477e-02
   0.0000000e+00
   2.2256096e-02
   7.4565903e-02
   1.0627701e-01
   1.0226450e-01
   9.1056367e-02
   9.6754829e-02
   9.7677361e-02
   3.7844580e-02
   7.0284627e-02
   0.0000000e+00
   0.0000000e+00
   0.0000000e+00
   5.8194488e-02
   3.0596556e-02
   2.5308488e-02
   3.2020025e-02
   2.8571131e-02
   2.4815796e-02
   1.6513575e-02
   1.5047417e-02
   3.5005277e-03
   8.4173866e-03
   3.4780831e-03
   8.8266674e-03
  -5.8441977e-03
   4.8785056e-03
   0.0000000e+00
  -0.0000000e+00
  -1.1334808e-02
   6.5822848e-03
   2.3484178e-02
   2.2106510e-02
   1.3046488e-02
  -1.0929038e-02
   1.2459013e-02
   0.0000000e+00
  -6.7174107e-02
   1.9327316e-02
   3.9477896e-02
   4.1380499e-02
   2.6460094e-02
   2.7533760e-02
   3.2372739e-02
   9.4549255e-03
   3.9819270e-02
   0.0000000e+00
   0.0000000e+00
   0.0000000e+00
   3.3673681e-02
   1.3263583e-02
   3.4407666e-03
   3.1650243e-03
  -5.4333545e-04
  -3.5374430e-03
  -8.9743389e-03
  -5.9580104e-03
  -1.4945210e-02
  -1.2586152e-02
  -1.5640935e-02
  -1.4104182e-02
  -2.7211264e-02
   7.1152649e-04
   0.0000000e+00
  -0.0000000e+00
  -0.0000000e+00
  -8.6282985e-03
   3.1387589e-03
  -1.7586341e-03
  -9.9036712e-03
  -2.8169330e-02
   0.0000000e+00
  -0.0000000e+00
  -9.6142307e-02
  -2.1547653e-02
   9.7609796e-03
   1.3865048e-02
   3.3872618e-04
   9.7055803e-05
   3.8856056e-03
  -3.6568787e-02
  -1.3554350e-02
   0.0000000e+00
  -0.0000000e+00
  -1.3289792e-02
  -1.2655426e-02
  -1.8991507e-02
  -3.7490587e-02
  -5.0294056e-02
  -5.0357968e-02
  -4.8068758e-02
  -4.8904450e-02
  -4.0412839e-02
  -4.6063181e-02
  -4.7247641e-02
  -4.6975502e-02
  -5.4193666e-02
  -6.4677239e-02
  -1.7029968e-03
   0.0000000e+00
  -0.0000000e+00
  -0.0000000e+00
  -2.9579913e-02
  -3.2089157e-02
  -4.1324714e-02
  -4.5252197e-02
  -4.7034025e-02
   0.0000000e+00
   0.0000000e+00
  -0.0000000e+00
  -1.0431786e-01
  -3.8152921e-02
  -3.0944211e-02
  -3.9071729e-02
  -4.0666386e-02
  -4.1460970e-02
  -5.8564465e-02
  -2.0249112e-02
   0.0000000e+00
  -0.0000000e+00
  -2.7824217e-02
  -3.1769596e-02
  -4.0660366e-02
  -5.7944644e-02
  -7.6392494e-02
  -7.0267595e-02
  -6.5317862e-02
  -6.9753923e-02
  -6.6718161e-02
  -6.6952541e-02
  -6.8959348e-02
  -6.7888081e-02
  -7.3929653e-02
  -6.0121834e-02
   0.0000000e+00
   0.0000000e+00
  -0.0000000e+00
  -0.0000000e+00
  -7.8949444e-02
  -5.4645456e-02
  -6.2902234e-02
  -5.5254810e-02
  -3.4245044e-02
   0.0000000e+00
  -0.0000000e+00
  -0.0000000e+00
  -9.4105244e-02
  -6.3070305e-02
  -4.9950697e-02
  -5.6492180e-02
  -6.0811151e-02
  -6.4550579e-02
  -7.1301889e-02
  -2.4125962e-02
   0.0000000e+00
  -0.0000000e+00
  -3.6240925e-02
  -4.2838376e-02
  -5.3208536e-02
  -6.9789330e-02
  -9.1505787e-02
  -8.1797012e-02
  -7.5306593e-02
  -8.1827586e-02
  -8.1951257e-02
  -7.9049317e-02
  -8.1532323e-02
  -7.9998306e-02
  -8.5358518e-02
  -5.7483858e-02
   0.0000000e+00
  -0.0000000e+00
  -0.0000000e+00
  -0.0000000e+00
  -1.0753874e-01
  -6.7707536e-02
  -7.5397506e-02
  -6.1047199e-02
  -2.6839109e-02
   0.0000000e+00
  -0.0000000e+00
  -0.0000000e+00
  -8.8191236e-02
  -7.7499666e-02
  -6.0957117e-02
  -6.6580151e-02
  -7.2476740e-02
  -7.7921483e-02
  -4.3425165e-02
  -0.0000000e+00
  -1.7254565e-02
  -2.9158387e-02
  -3.6569834e-02
  -3.6263563e-02
  -4.2144418e-02
  -4.8276462e-02
  -5.7119716e-02
  -5.5740424e-02
  -5.9305504e-02
  -6.4146854e-02
  -7.3400535e-02
  -7.0939273e-02
  -7.4052773e-02
  -6.7694724e-02
  -5.4319039e-02
  -2.2061534e-02
  -0.0000000e+00
  -0.0000000e+00
  -0.0000000e+00
  -0.0000000e+00
  -1.1579530e-01
  -6.8674967e-02
  -7.1697958e-02
  -5.3313076e-02
  -1.4262509e-02
   0.0000000e+00
  -0.0000000e+00
  -0.0000000e+00
  -7.3521957e-02
  -4.5183465e-02
  -4.3317564e-02
  -5.2029438e-02
  -5.3439729e-02
  -4.7934346e-02
  -3.5044897e-02
  -0.0000000e+00
  -1.7130045e-02
  -2.4882238e-02
  -3.2353252e-02
  -3.2001112e-02
  -3.7167065e-02
  -4.1543514e-02
  -4.7874648e-02
  -4.8389204e-02
  -5.2835699e-02
  -5.5969484e-02
  -6.3672245e-02
  -6.0935959e-02
  -6.3595146e-02
  -5.8091305e-02
  -4.5316622e-02
  -1.8845959e-02
  -0.0000000e+00
  -0.0000000e+00
  -0.0000000e+00
  -0.0000000e+00
  -9.6612975e-02
  -5.8087166e-02
  -6.0691826e-02
  -4.5399088e-02
  -9.4196312e-03
   0.0000000e+00
  -0.0000000e+00
  -0.0000000e+00
  -6.2711075e-02
  -3.4665655e-02
  -3.4974426e-02
  -4.3023977e-02
  -4.3190841e-02
  -3.7946653e-02
  -0.0000000e+00
  -0.0000000e+00
  -1.2498668e-02
  -1.6976871e-02
  -1.7628895e-02
  -1.8529456e-02
  -2.2128671e-02
  -2.2539874e-02
  -2.2771949e-02
  -2.8165838e-02
  -3.3619287e-02
  -3.1161059e-02
  -3.1605174e-02
  -2.7822752e-02
  -2.8773716e-02
  -2.7225969e-02
  -2.0372824e-02
  -1.4914092e-02
  -0.0000000e+00
  -0.0000000e+00
  -0.0000000e+00
  -5.8666309e-02
  -2.8245148e-02
  -2.1085438e-02
  -2.3190613e-02
  -1.9471599e-02
   4.8419529e-03
   0.0000000e+00
  -0.0000000e+00
  -0.0000000e+00
  -2.8132384e-02
  -4.7154260e-03
  -9.5813569e-03
  -1.4696828e-02
  -1.1459128e-02
  -9.3627126e-03
  -0.0000000e+00
  -0.0000000e+00
  -1.9041255e-02
  -2.3866767e-02
  -2.4212005e-02
  -2.6392268e-02
  -2.9590948e-02
  -3.0676031e-02
  -3.0429343e-02
  -3.5001077e-02
  -3.7263535e-02
  -3.4114562e-02
  -3.2398988e-02
  -2.6639059e-02
  -2.2752227e-02
  -2.0697160e-02
  -1.8216094e-02
  -1.3616526e-02
  -0.0000000e+00
  -0.0000000e+00
  -0.0000000e+00
  -4.0626474e-02
  -2.3456983e-02
  -1.2733920e-02
  -7.8288382e-03
  -2.6100199e-03
   1.6874794e-02
   0.0000000e+00
   0.0000000e+00
  -0.0000000e+00
  -3.6808468e-02
  -5.0578532e-03
  -7.8358715e-03
  -6.9816974e-03
  -3.9717890e-03
  -5.7325088e-03
  -0.0000000e+00
  -5.3219675e-02
  -2.5952372e-02
  -3.1144760e-02
  -3.1165930e-02
  -3.4697982e-02
  -3.7473567e-02
  -3.9270487e-02
  -3.8518068e-02
  -4.2221337e-02
  -4.1113068e-02
  -3.7234428e-02
  -3.3237511e-02
  -2.5388691e-02
  -1.6391556e-02
  -1.3800591e-02
  -1.5937880e-02
  -1.2245872e-02
  -0.0000000e+00
  -0.0000000e+00
  -6.9006685e-02
  -2.1570482e-02
  -1.8399108e-02
  -3.9119741e-03
   8.3982436e-03
   1.5201350e-02
   2.9585425e-02
   0.0000000e+00
   0.0000000e+00
  -0.0000000e+00
  -4.5973268e-02
  -5.4195691e-03
  -5.9920659e-03
   1.1680167e-03
   3.9373010e-03
  -1.8978208e-03
  -0.0000000e+00
  -3.3697683e-02
  -1.3127276e-01
  -6.5564930e-02
  -7.0093334e-02
  -7.3089905e-02
  -6.6314779e-02
  -6.7284375e-02
  -7.1883991e-02
  -7.7640228e-02
  -7.3713094e-02
  -6.8292990e-02
  -6.3339092e-02
  -5.3431846e-02
  -3.2738067e-02
  -1.2980100e-02
  -1.4959052e-02
  -2.1777643e-02
  -0.0000000e+00
  -0.0000000e+00
  -6.9724858e-02
  -5.3927772e-02
  -4.5546129e-02
  -2.0333160e-02
   3.9078191e-02
   0.0000000e+00
   0.0000000e+00
   0.0000000e+00
  -0.0000000e+00
  -0.0000000e+00
  -0.0000000e+00
  -2.1343235e-02
  -1.1841706e-02
   8.1193056e-03
   7.0080645e-03
  -6.1155506e-03
  -0.0000000e+00
  -2.7057404e-02
  -1.6318476e-01
  -7.7207819e-02
  -8.3586209e-02
  -8.6372234e-02
  -7.6303728e-02
  -7.6962590e-02
  -8.3516173e-02
  -8.9908548e-02
  -8.4995091e-02
  -7.9053506e-02
  -7.3700882e-02
  -6.3149005e-02
  -3.8282875e-02
  -1.2360748e-02
  -1.5169798e-02
  -2.9924653e-02
  -0.0000000e+00
  -1.7716423e-01
  -7.0032105e-02
  -6.5558285e-02
  -5.5321511e-02
  -2.6931677e-02
   4.7224887e-02
   0.0000000e+00
   0.0000000e+00
   0.0000000e+00
  -0.0000000e+00
  -0.0000000e+00
  -0.0000000e+00
  -2.6404439e-02
  -1.3586232e-02
   1.1421327e-02
   8.1914859e-03
  -6.9631361e-03
   0.0000000e+00
  -2.3352542e-02
  -5.0704197e-02
  -8.1542113e-02
  -9.9505641e-02
  -1.0122876e-01
  -8.7831115e-02
  -8.7340289e-02
  -9.9430477e-02
  -1.0410739e-01
  -9.7727854e-02
  -9.1590129e-02
  -8.3576098e-02
  -7.4513987e-02
  -4.0865265e-02
  -6.8308827e-04
  -3.3394218e-02
  -0.0000000e+00
  -1.4565921e-01
  -5.6687579e-02
  -7.2300671e-02
  -9.2841958e-02
  -7.8809446e-02
  -6.4348391e-02
  -2.4457905e-02
  -0.0000000e+00
  -0.0000000e+00
  -0.0000000e+00
  -0.0000000e+00
  -0.0000000e+00
  -0.0000000e+00
  -1.7401251e-02
  -6.3937654e-03
   4.4488591e-02
   1.3478318e-02
   1.2114778e-02
   0.0000000e+00
  -1.4216918e-02
  -3.8185321e-02
  -6.6775821e-02
  -8.3384857e-02
  -8.8042967e-02
  -8.0951437e-02
  -8.1383288e-02
  -8.8619217e-02
  -9.0431750e-02
  -8.6869903e-02
  -8.4074706e-02
  -7.3293850e-02
  -6.1865009e-02
  -3.1520866e-02
   2.1285338e-02
  -0.0000000e+00
  -1.3905217e-01
  -1.0932583e-01
  -5.1292483e-02
  -6.3444696e-02
  -7.7979118e-02
  -6.6019066e-02
  -6.0108095e-02
  -3.4547057e-02
  -0.0000000e+00
  -0.0000000e+00
  -0.0000000e+00
  -0.0000000e+00
  -0.0000000e+00
  -0.0000000e+00
  -4.8529180e-03
  -3.2419118e-04
   0.0000000e+00
   2.1455793e-02
   8.8931754e-02
   0.0000000e+00
   3.4809456e-03
  -1.3933286e-02
  -3.8170014e-02
  -5.2155063e-02
  -6.2498958e-02
  -6.7623852e-02
  -6.9843190e-02
  -6.7675243e-02
  -6.3938830e-02
  -6.5835486e-02
  -6.9515575e-02
  -5.3374697e-02
  -3.7360947e-02
  -1.3418549e-02
   0.0000000e+00
   3.1875402e-02
  -2.5206629e-02
  -3.8939453e-02
  -4.0840904e-02
  -4.6288554e-02
  -4.9186286e-02
  -4.1241079e-02
  -5.1893655e-02
  -5.4092127e-02
  -0.0000000e+00
  -0.0000000e+00
  -0.0000000e+00
  -0.0000000e+00
  -0.0000000e+00
  -0.0000000e+00
   1.9456176e-02
   1.1434011e-02
   0.0000000e+00
   0.0000000e+00
   0.0000000e+00
   0.0000000e+00
  -0.0000000e+00
  -6.0561579e-05
  -1.1304677e-03
  -3.3533024e-03
  -1.2177292e-02
  -2.2879446e-02
  -2.9067671e-02
  -2.6045358e-02
  -2.5849516e-02
  -3.1760886e-02
  -3.6431905e-02
  -2.2219663e-02
  -1.0844659e-02
   4.9097654e-03
   0.0000000e+00
   1.9140914e-02
  -1.0020430e-02
   1.4373232e-03
  -2.6513659e-03
  -8.5108234e-03
  -5.9278691e-03
  -7.7781798e-03
  -2.5661593e-02
  -3.4261867e-02
  -0.0000000e+00
  -0.0000000e+00
  -0.0000000e+00
  -0.0000000e+00
  -0.0000000e+00
  -0.0000000e+00
   6.1980762e-02
   4.1846283e-02
   0.0000000e+00
   0.0000000e+00
   0.0000000e+00
   0.0000000e+00
  -0.0000000e+00
   6.1562299e-03
   1.8899651e-02
   2.5870293e-02
   2.0147249e-02
   6.3458709e-03
  -2.5743218e-03
   1.3573328e-05
  -1.9277653e-03
  -9.3200188e-03
  -1.3619719e-02
  -1.7092724e-03
   5.2922294e-03
   2.7733529e-02
   0.0000000e+00
   1.1760890e-02
   1.2414162e-03
   2.2345522e-02
   1.9116908e-02
   1.5213300e-02
   2.0219199e-02
   1.2752463e-02
  -8.2758218e-03
  -2.0827716e-02
  -0.0000000e+00
  -0.0000000e+00
  -0.0000000e+00
  -0.0000000e+00
   0.0000000e+00
   0.0000000e+00
   0.0000000e+00
   0.0000000e+00
   0.0000000e+00
   0.0000000e+00
   0.0000000e+00
   0.0000000e+00
  -0.0000000e+00
   8.1559656e-03
   4.8520476e-02
   8.4941871e-02
   9.6560494e-02
   7.7710405e-02
   6.1471992e-02
   5.8399939e-02
   5.2052634e-02
   4.6333477e-02
   4.7660560e-02
   4.9121212e-02
   3.9216568e-02
   1.3375728e-01
   0.0000000e+00
  -0.0000000e+00
   0.0000000e+00
   4.8078473e-02
   5.7556043e-02
   6.8738391e-02
   7.4300000e-02
   5.6740776e-02
   3.5345855e-02
   1.4209452e-02
   0.0000000e+00
   0.0000000e+00
   1.5382852e-02
   4.3372632e-02
   0.0000000e+00
   0.0000000e+00
   0.0000000e+00
   0.0000000e+00
   0.0000000e+00
   0.0000000e+00
   0.0000000e+00
   0.0000000e+00
  -0.0000000e+00
   0.0000000e+00
   4.1437656e-02
   6.3213319e-02
   8.3864339e-02
   8.0875069e-02
   6.9630854e-02
   6.4030200e-02
   6.0520403e-02
   6.4458609e-02
   6.6462092e-02
   5.4799132e-02
   4.8945006e-02
   0.0000000e+00
   0.0000000e+00
  -0.0000000e+00
   0.0000000e+00
   5.4947410e-02
   4.9621828e-02
   6.0499843e-02
   6.1658740e-02
   5.6102153e-02
   4.5920581e-02
   2.0292085e-02
   2.6319701e-02
   1.8991286e-02
   2.5327317e-02
   2.9801574e-02
   7.3895998e-02
   0.0000000e+00
   0.0000000e+00
   0.0000000e+00
   0.0000000e+00
   0.0000000e+00
   0.0000000e+00
   0.0000000e+00
   0.0000000e+00
   0.0000000e+00
   2.6709978e-02
   3.0672420e-02
   5.8651581e-02
   6.8641260e-02
   6.2179565e-02
   5.7898805e-02
   5.8880404e-02
   6.6180721e-02
   6.5042682e-02
   4.6775281e-02
   4.8988070e-02
   0.0000000e+00
   0.0000000e+00
  -0.0000000e+00
   0.0000000e+00
   5.3779732e-02
   3.4539279e-02
   3.8117293e-02
   3.8506582e-02
   4.6535779e-02
   4.6577569e-02
   2.1779768e-02
   0.0000000e+00
   3.2134499e-02
   3.1588275e-02
   0.0000000e+00
   0.0000000e+00
   0.0000000e+00
   0.0000000e+00
   0.0000000e+00
   0.0000000e+00
   0.0000000e+00
   0.0000000e+00
   0.0000000e+00
   0.0000000e+00
   0.0000000e+00
  -1.0625758e-02
  -3.8859848e-02
  -4.0474372e-03
   1.8335637e-02
   1.8253632e-02
   2.4063663e-02
   3.4986739e-02
   3.3666783e-02
   1.9901370e-02
   6.1005394e-03
   2.8398959e-02
   0.0000000e+00
   0.0000000e+00
  -0.0000000e+00
   0.0000000e+00
   0.0000000e+00
  -2.2446865e-03
  -2.4009192e-02
  -1.6972792e-02
   1.3836706e-02
   2.6369914e-02
   1.4107539e-02
   5.8592826e-02
   0.0000000e+00
   0.0000000e+00
   0.0000000e+00
   0.0000000e+00
   0.0000000e+00
  -0.0000000e+00
  -0.0000000e+00
   0.0000000e+00
   0.0000000e+00
   0.0000000e+00
   0.0000000e+00
   0.0000000e+00
  -0.0000000e+00
  -0.0000000e+00
  -7.5265251e-02
  -4.5993164e-02
  -3.4300897e-02
  -4.6427451e-02
  -3.5158142e-02
  -1.4754598e-02
  -6.6255620e-03
  -1.6829567e-02
  -1.5442483e-02
  -4.3882774e-03
   0.0000000e+00
  -0.0000000e+00
  -0.0000000e+00
   0.0000000e+00
   0.0000000e+00
  -0.0000000e+00
  -6.4437859e-02
  -5.4557506e-02
  -2.0767916e-02
  -3.8812675e-03
  -9.2554279e-04
   1.3937057e-03
   0.0000000e+00
   0.0000000e+00
  -0.0000000e+00
  -0.0000000e+00
  -0.0000000e+00
  -0.0000000e+00
  -0.0000000e+00
   0.0000000e+00
   0.0000000e+00
   0.0000000e+00
   0.0000000e+00
  -0.0000000e+00
  -0.0000000e+00
  -0.0000000e+00
  -6.5609708e-02
  -3.9431356e-02
  -5.6931145e-02
  -8.2438804e-02
  -7.1271524e-02
  -3.6196008e-02
  -1.3508697e-02
  -7.6142624e-03
   3.9104810e-03
   0.0000000e+00
   0.0000000e+00
  -0.0000000e+00
  -0.0000000e+00
   0.0000000e+00
   0.0000000e+00
  -0.0000000e+00
  -5.5285990e-02
  -4.0567473e-02
  -3.1276394e-02
  -2.5111036e-02
  -1.3726748e-02
  -0.0000000e+00
  -0.0000000e+00
  -0.0000000e+00
  -0.0000000e+00
  -0.0000000e+00
  -0.0000000e+00
  -0.0000000e+00
  -0.0000000e+00
   0.0000000e+00
   0.0000000e+00
   0.0000000e+00
   0.0000000e+00
  -0.0000000e+00
  -0.0000000e+00
  -0.0000000e+00
  -0.0000000e+00
  -0.0000000e+00
  -5.9061076e-02
  -8.8551134e-02
  -7.5179271e-02
  -3.6028750e-02
  -6.6701691e-03
   6.0790549e-03
   0.0000000e+00
   0.0000000e+00
   0.0000000e+00
  -0.0000000e+00
   0.0000000e+00
   0.0000000e+00
  -0.0000000e+00
  -0.0000000e+00
  -2.9826233e-02
  -1.7364429e-02
  -3.4019772e-02
  -5.8223519e-02
  -5.0224572e-02
  -4.5905717e-02
  -0.0000000e+00
   0.0000000e+00
  -0.0000000e+00
  -0.0000000e+00
  -0.0000000e+00
   0.0000000e+00
   0.0000000e+00
  -0.0000000e+00
   0.0000000e+00
   0.0000000e+00
   0.0000000e+00
   0.0000000e+00
   0.0000000e+00
   0.0000000e+00
   0.0000000e+00
  -0.0000000e+00
  -0.0000000e+00
  -0.0000000e+00
  -0.0000000e+00
  -1.5092233e-02
   0.0000000e+00
   0.0000000e+00
   0.0000000e+00
   0.0000000e+00
  -0.0000000e+00
  -0.0000000e+00
  -0.0000000e+00
  -0.0000000e+00
  -0.0000000e+00
  -7.0526771e-02
  -1.7672978e-02
   0.0000000e+00
  -0.0000000e+00
  -4.9438499e-02
  -6.0048059e-02
  -3.3642925e-02
  -4.0309830e-04
   3.7044130e-02
  -0.0000000e+00
  -0.0000000e+00
  -0.0000000e+00
  -0.0000000e+00
  -0.0000000e+00
  -0.0000000e+00
  -0.0000000e+00
   0.0000000e+00
  -8.3204331e-03
  -7.0162546e-03
  -6.1999778e-03
  -1.2296950e-02
  -1.9689662e-02
  -1.9046631e-02
  -1.8797033e-02
  -1.0944079e-02
  -4.5039016e-03
  -5.0188284e-03
  -1.1490968e-02
  -8.6860424e-03
  -3.8863276e-03
  -1.3746478e-02
  -2.5475718e-02
  -1.9196192e-02
  -3.4926578e-02
  -5.2334920e-02
  -6.2792763e-02
  -3.5905719e-02
  -0.0000000e+00
   0.0000000e+00
   0.0000000e+00
   0.0000000e+00
  -7.8317448e-03
  -1.8895501e-02
  -1.9661583e-02
  -2.6406774e-02
  -3.4769189e-02
  -3.2339755e-02
  -1.3608119e-02
  -1.8570866e-02
  -1.6753985e-02
  -6.3967486e-03
  -4.4811112e-03
  -6.4121848e-03
