   0.0000000e+00
   0.0000000e+00
   0.0000000e+00
   0.0000000e+00
   0.0000000e+00
   0.0000000e+00
   0.0000000e+00
   0.0000000e+00
   0.0000000e+00
   0.0000000e+00
   0.0000000e+00
   0.0000000e+00
  -0.0000000e+00
   0.0000000e+00
   0.0000000e+00
   0.0000000e+00
   0.0000000e+00
   0.0000000e+00
   0.0000000e+00
   0.0000000e+00
   0.0000000e+00
   0.0000000e+00
  -0.0000000e+00
  -0.0000000e+00
  -0.0000000e+00
  -0.0000000e+00
  -0.0000000e+00
   0.0000000e+00
   0.0000000e+00
   0.0000000e+00
   0.0000000e+00
   0.0000000e+00
   0.0000000e+00
   0.0000000e+00
   0.0000000e+00
   0.0000000e+00
   0.0000000e+00
   5.4769083e-03
  -1.6909100e-02
  -1.7671546e-02
   2.8488990e-03
   9.8910853e-03
   1.9690726e-02
   2.1779655e-02
   1.7872846e-02
   5.7733590e-03
  -2.9679558e-03
   8.3122840e-03
   2.8717078e-02
   3.6016401e-02
   3.0929521e-02
   2.4157781e-02
   1.7764580e-02
   8.9177573e-03
   2.6524852e-03
  -7.7816946e-03
  -4.2985934e-03
   3.0875476e-03
   1.0425892e-02
   1.6860932e-02
   1.7640578e-02
   1.3031011e-02
   8.3356509e-03
   1.3248696e-02
   2.8938765e-02
   6.9225430e-02
   1.4219733e-01
   8.9781068e-02
   5.0057124e-02
   1.3074264e-02
   7.7680373e-03
   0.0000000e+00
   1.2982052e-02
  -1.4919790e-02
  -3.6839381e-02
  -2.3386687e-02
   5.0555887e-03
   1.6339926e-02
   1.0619072e-02
   1.7467152e-02
   3.5062395e-02
   3.0238509e-02
   1.9480687e-02
   3.0838918e-02
   4.2662501e-02
   3.0400202e-02
   1.3379045e-02
   1.0484952e-02
   1.1095542e-02
   7.6537784e-03
  -1.5720967e-03
  -4.9103675e-03
   9.0087671e-03
   1.6141372e-02
   2.4680367e-02
   3.1039651e-02
   2.4694480e-02
   1.2243285e-02
  -3.1125925e-03
  -7.3094796e-03
   2.4582837e-03
   1.0203470e-02
   1.4627046e-02
   1.7437123e-02
   1.0738666e-02
  -3.2312805e-03
  -7.1857602e-04
   1.3115144e-02
   2.2685027e-02
  -1.1323632e-02
  -1.7771550e-02
   1.2324523e-02
   4.6897769e-02
   3.2432597e-02
   3.2389564e-03
   2.4329450e-02
   5.6035619e-02
   4.5023628e-02
   2.5057066e-02
   2.8538210e-02
   2.1643564e-02
   1.1130109e-02
   1.3318555e-02
   1.4123219e-02
   1.5447063e-02
   1.1753852e-02
   2.6397491e-03
   1.3712070e-02
   2.6112605e-02
   2.0331204e-02
   1.6393209e-02
   1.7535299e-02
   1.0709637e-02
   1.2822038e-02
   9.1499090e-03
   6.3154362e-03
   1.7635925e-02
   2.2928609e-02
   1.7370509e-02
   1.1648033e-02
  -2.2639702e-03
  -3.1645282e-03
   8.6654276e-03
   2.4583206e-02
   2.4758393e-02
  -8.4212124e-03
  -7.5630681e-03
   1.8650023e-02
   3.9823294e-02
   1.7063092e-02
  -5.8591273e-03
   2.2987418e-02
   5.5420164e-02
   4.0117338e-02
   1.3199086e-02
   2.5467880e-03
  -1.0107596e-02
  -4.2028185e-03
   1.1592006e-02
   5.0373003e-03
   3.2691830e-03
  -6.5809200e-03
  -2.2345483e-02
   0.0000000e+00
   2.5097493e-02
   8.2184672e-03
  -1.4632579e-03
   6.5071695e-03
   2.1219545e-03
   1.8935638e-02
   1.8164476e-02
  -3.0669300e-03
   1.2650592e-02
   2.8165624e-02
   2.4939744e-02
   7.7373115e-03
  -9.3796710e-03
  -4.1057989e-03
   1.0106954e-02
   3.0819051e-02
   1.2153309e-02
  -1.5310054e-02
  -1.0269662e-02
   9.2654191e-03
   2.3687722e-02
   1.7169659e-06
  -1.8716076e-02
   8.3302464e-03
   3.9922088e-02
   2.5106445e-02
  -8.1423214e-03
  -2.2262648e-02
  -2.7679548e-02
  -1.0214509e-02
   4.5563900e-03
  -5.0669461e-03
  -6.7145526e-03
  -1.8529434e-02
  -2.9617548e-02
   0.0000000e+00
   1.6464600e-02
  -4.2244880e-03
  -1.0483427e-02
   1.1579681e-03
  -2.5800641e-03
   1.5650814e-02
   4.4419509e-03
  -2.2597900e-02
   2.2149775e-03
   2.2305571e-02
   1.8816566e-02
  -1.7240625e-03
  -1.7583057e-02
  -8.3942991e-03
   6.6603553e-03
   2.6160145e-02
  -3.8864678e-03
  -2.1331953e-02
  -1.1075382e-02
   6.7469422e-03
   1.7541923e-02
  -8.6131971e-03
  -2.8357003e-02
  -8.1985490e-03
   1.9659385e-02
   6.6929553e-03
  -2.6954569e-02
  -3.5516974e-02
  -3.2387950e-02
  -1.1854506e-02
  -2.5826083e-03
  -1.1568148e-02
  -1.2116801e-02
  -2.2232782e-02
  -1.9323146e-02
   0.0000000e+00
   9.8515674e-03
  -1.1487903e-02
  -1.4177104e-02
  -4.9006776e-03
  -8.0742976e-03
   5.9747142e-03
  -1.2602409e-02
  -2.9403102e-02
   3.5074521e-03
   1.9714182e-02
   1.0140867e-02
  -1.2526713e-02
  -2.5252732e-02
  -1.4634258e-02
  -5.5076816e-04
   1.5562115e-02
  -2.1544512e-02
  -2.1811577e-02
  -2.9833639e-03
   1.9591682e-02
   0.0000000e+00
  -8.5429047e-03
  -3.2512995e-02
  -2.4619092e-02
  -6.7930458e-03
  -1.7454954e-02
  -4.1896180e-02
  -3.6230293e-02
  -2.6563664e-02
  -1.1963723e-02
  -9.2524302e-03
  -1.5121356e-02
  -1.4869352e-02
  -2.0152960e-02
   7.2235013e-03
   0.0000000e+00
   7.3878157e-03
  -1.3764149e-02
  -1.6269649e-02
  -1.6100779e-02
  -1.7628984e-02
  -1.0437720e-02
  -2.6532091e-02
  -1.5163453e-02
   2.3609646e-02
   2.6341839e-02
   3.3002282e-03
  -2.5016610e-02
  -3.2310759e-02
  -2.3769279e-02
  -1.3651735e-02
  -1.0384291e-03
  -1.8011997e-02
   6.5969978e-03
   3.4358662e-02
   0.0000000e+00
   0.0000000e+00
  -1.1234835e-02
  -2.9783893e-02
  -2.8451532e-02
  -1.8240094e-02
  -2.4644978e-02
  -2.9582275e-02
  -2.2290746e-02
  -1.6642161e-02
  -9.5641529e-03
  -1.0864425e-02
  -1.4480474e-02
  -7.3992093e-03
  -1.6189979e-03
   3.0513536e-02
   0.0000000e+00
   0.0000000e+00
  -1.1950090e-02
  -1.6878964e-02
  -2.1432281e-02
  -1.6913734e-02
  -7.1754856e-03
  -2.8558221e-05
   4.6983775e-02
   0.0000000e+00
   1.3678132e-02
  -7.0187380e-03
  -2.5242399e-02
  -2.9497232e-02
  -2.4341611e-02
  -1.2710968e-02
  -8.7319780e-03
  -5.8190487e-03
   4.1679874e-02
   0.0000000e+00
   0.0000000e+00
  -0.0000000e+00
  -1.0780431e-02
  -2.5201201e-02
  -2.4948802e-02
  -1.4634182e-02
  -1.6561575e-02
  -1.8768653e-02
  -1.3233846e-02
  -1.0313405e-02
  -6.8004434e-03
  -6.4590154e-03
  -1.0259375e-02
  -6.9523946e-04
   1.3112689e-02
   2.9356368e-02
   0.0000000e+00
   0.0000000e+00
  -1.3231640e-02
  -1.8257871e-02
  -1.8050861e-02
  -1.1017731e-02
   1.7790557e-03
   2.3669435e-02
   7.7044301e-02
   0.0000000e+00
  -6.0458365e-03
  -1.1887513e-02
  -1.7187681e-02
  -2.0850522e-02
  -1.7946066e-02
  -7.5986907e-03
  -6.2215482e-03
   1.5505662e-02
   9.7179587e-02
   0.0000000e+00
   0.0000000e+00
  -0.0000000e+00
  -9.0790903e-03
  -1.7636328e-02
  -1.7266348e-02
  -4.3167109e-03
   6.3638143e-04
  -2.8042082e-03
  -1.0271921e-03
  -1.8417453e-03
  -2.4802666e-03
   2.1731787e-03
  -2.6900444e-03
   9.2546508e-03
   3.4296880e-02
   1.9746758e-02
   0.0000000e+00
   0.0000000e+00
  -1.6174681e-02
  -2.0602124e-02
  -1.0110528e-02
  -3.8717125e-04
   1.7225526e-02
   5.8810291e-02
   1.1245995e-01
  -0.0000000e+00
  -3.8310493e-02
  -1.7542322e-02
  -2.2786924e-03
  -5.8269926e-03
  -5.9819439e-03
   1.5158640e-03
   8.7287615e-04
   3.0073965e-02
   5.0997350e-02
  -0.0000000e+00
  -0.0000000e+00
  -0.0000000e+00
  -2.1653404e-03
  -6.9690505e-03
  -3.5535330e-03
   1.2867142e-02
   1.5293952e-02
   7.6194745e-03
   8.2641207e-03
   8.7780580e-03
   1.0102245e-02
   1.3121875e-02
   1.2186266e-02
   2.8901108e-02
   5.1396158e-02
  -2.2899171e-02
   0.0000000e+00
   0.0000000e+00
  -0.0000000e+00
  -1.3253713e-02
   4.3762750e-03
   1.5402528e-02
   4.2826816e-02
   6.7842588e-02
   0.0000000e+00
  -0.0000000e+00
  -5.6969739e-02
  -1.9258106e-02
   1.5869301e-02
   5.3615682e-03
   4.6433816e-03
   1.1465977e-02
   1.3872448e-02
   3.4306981e-02
   3.3918817e-02
  -0.0000000e+00
  -0.0000000e+00
  -1.4853575e-02
   1.3984143e-03
  -1.8521516e-03
   3.4586741e-03
   2.0590816e-02
   2.1250769e-02
   1.2062421e-02
   1.3622167e-02
   1.4915955e-02
   1.6608695e-02
   1.8838316e-02
   2.0347867e-02
   3.7398659e-02
   5.3458959e-02
  -4.3118887e-02
   0.0000000e+00
   0.0000000e+00
  -0.0000000e+00
  -7.9604778e-03
   1.1278201e-02
   2.2197951e-02
   5.1427819e-02
   6.6340327e-02
   0.0000000e+00
  -0.0000000e+00
  -0.0000000e+00
  -1.3745135e-02
   2.3216052e-02
   9.9042449e-03
   9.9747712e-03
   1.7140131e-02
   2.0536685e-02
   3.4203302e-02
   1.0448044e-02
  -0.0000000e+00
  -0.0000000e+00
   1.0997589e-02
   1.1460811e-02
   1.1191293e-02
   2.3051161e-02
   3.8226585e-02
   3.2187980e-02
   2.1185062e-02
   3.0843624e-02
   3.4689168e-02
   3.5056013e-02
   3.5246920e-02
   4.5208265e-02
   5.5396317e-02
   3.4441551e-02
  -0.0000000e+00
  -0.0000000e+00
  -0.0000000e+00
  -0.0000000e+00
   1.2524595e-02
   2.8685488e-02
   3.6441415e-02
   5.8803634e-02
   3.9439334e-02
  -0.0000000e+00
  -0.0000000e+00
  -0.0000000e+00
   2.5360959e-02
   3.6571952e-02
   1.8224708e-02
   2.4492659e-02
   3.5167752e-02
   3.9219049e-02
   2.6930306e-02
   2.4108661e-02
  -0.0000000e+00
  -0.0000000e+00
   1.4082935e-02
   1.1147697e-02
   1.3850392e-02
   2.4135485e-02
   3.3765804e-02
   2.9362570e-02
   2.3043958e-02
   3.3949129e-02
   3.6459852e-02
   3.8125288e-02
   3.7580114e-02
   4.5361850e-02
   4.7252480e-02
   3.6342207e-02
  -0.0000000e+00
   0.0000000e+00
  -0.0000000e+00
   0.0000000e+00
   2.3443550e-02
   3.4392670e-02
   3.7316829e-02
   4.9518500e-02
   2.6293615e-02
  -0.0000000e+00
  -0.0000000e+00
  -0.0000000e+00
   2.3507355e-02
   3.0069795e-02
   1.7949950e-02
   2.4045156e-02
   3.0466862e-02
   3.2950751e-02
   1.7838334e-02
   0.0000000e+00
   8.7618101e-03
   1.0573524e-02
   1.7939928e-02
   1.0756276e-02
   1.7174528e-02
   2.5490996e-02
   2.8189379e-02
   2.5830523e-02
   2.5367762e-02
   3.7831320e-02
   3.8673379e-02
   4.1962184e-02
   4.0496842e-02
   4.5553847e-02
   3.7071863e-02
   3.8718214e-02
  -0.0000000e+00
   0.0000000e+00
  -0.0000000e+00
   0.0000000e+00
   3.7093333e-02
   4.1527219e-02
   3.8411181e-02
   3.7911154e-02
   9.8601579e-03
  -0.0000000e+00
  -0.0000000e+00
   0.0000000e+00
   2.1190162e-02
   2.1941447e-02
   1.7606472e-02
   2.3485735e-02
   2.4590272e-02
   2.5114756e-02
   1.4574734e-02
   0.0000000e+00
   3.0681684e-03
   2.6645553e-03
   8.3567416e-03
   4.0551247e-03
   8.3672693e-03
   1.0036936e-02
   9.8955911e-03
   1.0085052e-02
   1.2213292e-02
   1.8150741e-02
   1.7300092e-02
   2.1852035e-02
   2.3365280e-02
   2.4057351e-02
   1.6543871e-02
   3.4419750e-03
  -0.0000000e+00
  -0.0000000e+00
  -0.0000000e+00
   0.0000000e+00
   2.5065545e-02
   2.7696323e-02
   3.1673055e-02
   2.9311379e-02
   2.2211649e-02
   0.0000000e+00
   0.0000000e+00
   0.0000000e+00
   8.1005432e-03
   8.1037451e-03
   7.6015461e-03
   8.4910737e-03
   8.4406855e-03
   9.2590554e-03
   0.0000000e+00
   0.0000000e+00
   8.9125810e-04
  -3.5936446e-04
   4.6927008e-03
   1.4930024e-03
   4.9998953e-03
   4.1282193e-03
   2.9011322e-03
   4.0649184e-03
   7.1838011e-03
   1.0626059e-02
   9.1282170e-03
   1.4163106e-02
   1.6815185e-02
   1.5838369e-02
   8.6951835e-03
  -1.0045563e-02
  -0.0000000e+00
  -0.0000000e+00
  -0.0000000e+00
   1.0851122e-02
   2.0466834e-02
   2.2408210e-02
   2.9096792e-02
   2.6023334e-02
   2.6934126e-02
   0.0000000e+00
   0.0000000e+00
   0.0000000e+00
   3.0958496e-03
   2.8130301e-03
   3.7762561e-03
   2.7580046e-03
   2.2660425e-03
   3.1967770e-03
  -0.0000000e+00
  -0.0000000e+00
  -1.7474890e-02
  -2.1839943e-02
  -1.7544370e-02
  -1.4703752e-02
  -1.4411587e-02
  -1.9499125e-02
  -2.0144761e-02
  -2.1544993e-02
  -1.8755911e-02
  -1.7105972e-02
  -1.6376879e-02
  -1.0373973e-02
  -2.8874651e-03
  -9.5416815e-04
  -4.6032048e-03
  -7.0478404e-03
  -0.0000000e+00
  -0.0000000e+00
  -0.0000000e+00
  -6.7363284e-03
  -3.4432171e-03
   2.2857096e-03
   2.5107363e-02
   3.0346982e-02
   4.3623395e-02
   0.0000000e+00
   0.0000000e+00
   0.0000000e+00
   1.1657501e-02
  -7.8322710e-03
  -5.5087828e-03
  -2.9583052e-03
  -1.6669605e-03
  -2.5428787e-03
  -0.0000000e+00
  -2.7882673e-02
  -2.2408430e-02
  -2.6884934e-02
  -2.6117591e-02
  -2.2552811e-02
  -2.0829093e-02
  -2.4926765e-02
  -2.6679432e-02
  -2.9980734e-02
  -2.7019590e-02
  -2.5902681e-02
  -2.4026964e-02
  -1.9309282e-02
  -8.2149534e-03
  -1.6299206e-03
  -5.4616984e-03
  -9.4803618e-03
  -0.0000000e+00
  -0.0000000e+00
  -2.3791296e-02
  -1.5567155e-02
  -1.1872024e-02
  -4.8846332e-03
   3.0287974e-02
   3.7054550e-02
   3.3838939e-02
   0.0000000e+00
   0.0000000e+00
   0.0000000e+00
   1.5162715e-02
  -1.0113070e-02
  -7.0835585e-03
  -3.8074970e-04
   6.0671946e-04
  -2.3438951e-03
   0.0000000e+00
  -3.9034526e-02
  -3.6494777e-02
  -4.1176635e-02
  -5.1000703e-02
  -4.5508111e-02
  -3.9339761e-02
  -4.0280800e-02
  -4.5390904e-02
  -5.4308890e-02
  -5.0815906e-02
  -5.1228944e-02
  -4.5993991e-02
  -4.5186428e-02
  -2.3431550e-02
  -2.9624146e-03
  -7.4904975e-03
  -1.6929703e-02
  -0.0000000e+00
  -0.0000000e+00
  -3.0536002e-02
  -4.1420291e-02
  -3.6250373e-02
  -2.5632270e-02
   4.6052924e-02
   0.0000000e+00
   0.0000000e+00
  -0.0000000e+00
  -0.0000000e+00
   0.0000000e+00
   0.0000000e+00
  -1.6535170e-02
  -1.1436789e-02
   7.6189392e-03
   7.6169175e-03
  -1.5048019e-03
   0.0000000e+00
  -1.4511506e-02
  -1.9850368e-02
  -3.2904319e-02
  -4.9502194e-02
  -4.8992079e-02
  -4.0247470e-02
  -3.7342504e-02
  -4.4522177e-02
  -5.2271038e-02
  -4.9078524e-02
  -5.0055929e-02
  -4.2884983e-02
  -4.9235467e-02
  -2.8520267e-02
  -2.1092437e-04
  -6.1269538e-03
  -3.7449345e-02
  -0.0000000e+00
  -4.8436966e-02
  -3.2792982e-02
  -4.6825275e-02
  -4.4078253e-02
  -4.8971191e-02
  -3.4872513e-02
  -0.0000000e+00
  -0.0000000e+00
  -0.0000000e+00
  -0.0000000e+00
   0.0000000e+00
   0.0000000e+00
  -1.3932020e-02
  -1.3174486e-02
   3.1823840e-02
   1.3609672e-02
   1.2999143e-02
   0.0000000e+00
   7.3504177e-03
  -5.0121167e-03
  -2.5529664e-02
  -4.8166293e-02
  -5.2097985e-02
  -4.1056680e-02
  -3.4723058e-02
  -4.3747718e-02
  -5.0454330e-02
  -4.7529671e-02
  -4.9010204e-02
  -4.0113344e-02
  -5.2845125e-02
  -3.3056787e-02
   2.2419904e-03
  -4.9113737e-03
  -0.0000000e+00
  -1.4560025e-02
  -1.9470313e-02
  -3.4805046e-02
  -5.1643738e-02
  -5.1056694e-02
  -6.9777506e-02
  -1.0701638e-01
  -0.0000000e+00
  -0.0000000e+00
  -0.0000000e+00
  -0.0000000e+00
  -0.0000000e+00
   0.0000000e+00
  -1.1611349e-02
  -1.4723620e-02
   5.3402158e-02
   1.8952129e-02
   2.5929200e-02
   0.0000000e+00
   2.5764402e-02
   1.7076783e-02
  -3.0701349e-03
  -2.3920055e-02
  -3.4951139e-02
  -2.9808376e-02
  -2.3464071e-02
  -2.4848320e-02
  -2.7125767e-02
  -2.9880852e-02
  -3.4704477e-02
  -2.5051527e-02
  -3.7637148e-02
  -3.0326353e-02
   8.6059295e-02
   0.0000000e+00
  -8.9238286e-03
   6.0516642e-05
  -2.8176878e-03
  -1.4832407e-02
  -2.4991265e-02
  -3.1519633e-02
  -6.2776618e-02
  -9.8246761e-02
  -0.0000000e+00
  -0.0000000e+00
  -0.0000000e+00
  -0.0000000e+00
  -0.0000000e+00
   0.0000000e+00
   5.5567725e-03
  -6.0372788e-02
   0.0000000e+00
   4.9558043e-02
   1.0148528e-01
   0.0000000e+00
   2.8310779e-02
   2.2275470e-02
   6.4059026e-03
  -1.3110049e-02
  -2.6771849e-02
  -2.4229022e-02
  -1.7942127e-02
  -1.6676510e-02
  -1.8802175e-02
  -2.2210730e-02
  -2.9049620e-02
  -2.1163007e-02
  -3.2289848e-02
  -3.3492595e-02
   0.0000000e+00
   3.7714817e-02
   3.6651958e-03
   6.3908594e-03
   3.1779141e-03
  -6.3840691e-03
  -1.5296733e-02
  -2.3842683e-02
  -5.5290531e-02
  -8.7495960e-02
  -0.0000000e+00
  -0.0000000e+00
  -0.0000000e+00
  -0.0000000e+00
  -0.0000000e+00
   0.0000000e+00
   8.9904796e-03
  -7.0769750e-02
   0.0000000e+00
   0.0000000e+00
   0.0000000e+00
   0.0000000e+00
   0.0000000e+00
   2.6287663e-02
   2.7204259e-02
   1.1657611e-02
  -7.1235914e-03
  -1.0486913e-02
  -4.4371574e-03
   1.6144646e-03
  -3.2603913e-03
  -4.9742919e-03
  -1.7322042e-02
  -1.7055907e-02
  -2.2472821e-02
  -4.8194213e-02
   0.0000000e+00
   2.5063574e-02
   1.8434247e-02
   2.0575217e-02
   1.4487467e-02
   1.2197359e-02
   3.1975490e-03
  -8.0092156e-03
  -3.0723279e-02
  -5.1242074e-02
  -0.0000000e+00
  -0.0000000e+00
  -0.0000000e+00
  -0.0000000e+00
  -0.0000000e+00
   0.0000000e+00
   9.6874573e-03
  -7.7677987e-02
  -0.0000000e+00
   0.0000000e+00
   0.0000000e+00
  -0.0000000e+00
  -0.0000000e+00
   6.2454948e-03
   1.9086646e-02
   2.0731170e-02
   7.0019821e-03
   1.9038508e-03
   4.2700656e-03
   1.2186845e-02
   3.8122642e-03
   5.1132087e-03
  -8.5936170e-03
  -1.4521047e-02
  -1.6211947e-02
  -3.4916528e-02
   0.0000000e+00
   3.8565937e-02
   2.4089675e-02
   1.6538311e-02
   1.6694352e-02
   1.7190054e-02
   1.0854565e-02
   3.8142789e-03
  -1.4966790e-02
  -2.4867140e-02
  -0.0000000e+00
  -0.0000000e+00
  -0.0000000e+00
  -0.0000000e+00
  -0.0000000e+00
  -0.0000000e+00
  -0.0000000e+00
  -0.0000000e+00
  -0.0000000e+00
   0.0000000e+00
   0.0000000e+00
  -0.0000000e+00
  -0.0000000e+00
  -7.3240288e-03
   1.1443659e-02
   2.3083014e-02
   1.5744301e-02
   1.1488911e-02
   9.7431112e-03
   1.7910913e-02
   7.8512700e-03
   1.1104616e-02
  -1.8668751e-03
  -1.1442753e-02
  -8.8372361e-03
  -1.8383970e-02
   0.0000000e+00
   0.0000000e+00
   0.0000000e+00
   1.2867063e-02
   1.7834602e-02
   1.8906619e-02
   1.4718737e-02
   1.2418404e-02
  -2.3487937e-03
  -7.4414597e-03
  -0.0000000e+00
  -0.0000000e+00
  -2.6977586e-02
  -4.5858398e-02
  -0.0000000e+00
  -0.0000000e+00
  -0.0000000e+00
  -0.0000000e+00
   0.0000000e+00
   0.0000000e+00
   0.0000000e+00
  -0.0000000e+00
  -0.0000000e+00
  -0.0000000e+00
  -7.7124426e-03
   1.3357463e-03
   1.7308479e-02
   2.6220431e-02
   1.1293871e-02
   1.3371078e-02
   6.2764101e-03
   1.0466689e-02
   8.3343645e-03
  -6.3946306e-04
   1.6253786e-02
   0.0000000e+00
   0.0000000e+00
   0.0000000e+00
  -0.0000000e+00
   4.2443230e-03
   1.6506358e-02
   9.8853239e-03
   9.4686541e-03
   2.2696373e-02
   1.9377166e-02
   3.1628889e-03
  -7.4624787e-03
  -1.3098739e-02
   4.2896626e-03
   8.8603750e-03
  -1.3194361e-02
  -0.0000000e+00
  -0.0000000e+00
   0.0000000e+00
   0.0000000e+00
   0.0000000e+00
  -0.0000000e+00
  -0.0000000e+00
  -0.0000000e+00
  -0.0000000e+00
  -1.9862091e-02
  -2.7991861e-02
  -3.5766303e-03
   1.6250467e-02
   1.0603276e-03
   1.1766669e-03
   3.3345465e-03
   5.5796187e-03
   7.3071402e-03
  -4.8402031e-03
  -1.7776676e-03
   0.0000000e+00
   0.0000000e+00
  -0.0000000e+00
  -0.0000000e+00
  -9.1049969e-03
   9.7712101e-03
  -3.9094258e-03
  -5.7455758e-03
   1.3558485e-02
   2.8933469e-02
   1.7741568e-02
  -0.0000000e+00
  -1.0660879e-02
   2.8018121e-02
   0.0000000e+00
   0.0000000e+00
  -0.0000000e+00
  -0.0000000e+00
   0.0000000e+00
   0.0000000e+00
   0.0000000e+00
  -0.0000000e+00
  -0.0000000e+00
  -0.0000000e+00
  -0.0000000e+00
  -2.8168771e-02
  -5.4779783e-02
  -2.8955415e-02
   5.4076114e-03
  -8.2318420e-03
  -1.6442390e-02
  -7.2134975e-03
   2.4772862e-03
   5.9027770e-03
  -8.8961469e-03
  -2.4720460e-02
   0.0000000e+00
  -0.0000000e+00
  -0.0000000e+00
  -0.0000000e+00
  -0.0000000e+00
   2.5007366e-03
  -1.5704149e-02
  -2.6508676e-02
  -5.1319790e-03
   2.2990318e-02
   1.9765820e-02
  -2.4532922e-02
  -0.0000000e+00
   0.0000000e+00
   0.0000000e+00
   0.0000000e+00
  -0.0000000e+00
  -0.0000000e+00
   0.0000000e+00
   0.0000000e+00
   0.0000000e+00
   0.0000000e+00
  -0.0000000e+00
  -0.0000000e+00
  -0.0000000e+00
  -0.0000000e+00
  -7.4368834e-02
  -5.2198898e-02
  -6.0789143e-03
  -1.6235266e-02
  -3.7748195e-02
  -2.6703186e-02
  -2.2639022e-03
   4.1547664e-03
  -1.0365775e-02
  -3.7734039e-02
  -0.0000000e+00
  -0.0000000e+00
  -0.0000000e+00
  -0.0000000e+00
  -0.0000000e+00
   0.0000000e+00
  -2.2388725e-02
  -4.8944045e-02
  -3.3089597e-02
   4.4326475e-03
   7.4947746e-03
  -4.5988459e-02
  -0.0000000e+00
  -0.0000000e+00
   0.0000000e+00
  -0.0000000e+00
  -0.0000000e+00
  -0.0000000e+00
  -0.0000000e+00
   0.0000000e+00
   0.0000000e+00
   0.0000000e+00
  -0.0000000e+00
  -0.0000000e+00
  -0.0000000e+00
  -0.0000000e+00
  -6.4408816e-02
  -4.6734951e-02
  -1.2361087e-02
  -2.0428982e-02
  -5.0790057e-02
  -5.5408191e-02
  -1.3399308e-02
   5.6538149e-03
   4.8340084e-03
   0.0000000e+00
   0.0000000e+00
  -0.0000000e+00
  -0.0000000e+00
  -0.0000000e+00
  -0.0000000e+00
   0.0000000e+00
  -1.3307746e-02
  -5.2957378e-02
  -5.7073358e-02
  -1.5066430e-02
  -1.4623067e-02
  -0.0000000e+00
  -0.0000000e+00
  -0.0000000e+00
  -0.0000000e+00
  -0.0000000e+00
  -0.0000000e+00
   0.0000000e+00
   0.0000000e+00
  -0.0000000e+00
   0.0000000e+00
   0.0000000e+00
  -0.0000000e+00
  -0.0000000e+00
  -0.0000000e+00
  -0.0000000e+00
  -0.0000000e+00
  -0.0000000e+00
  -1.2423829e-02
  -3.1401474e-02
  -5.7989921e-02
  -8.9444108e-02
  -2.8338326e-02
   1.2920227e-02
   0.0000000e+00
   0.0000000e+00
   0.0000000e+00
  -0.0000000e+00
  -0.0000000e+00
  -0.0000000e+00
  -0.0000000e+00
   0.0000000e+00
  -7.7297823e-03
  -3.7340757e-02
  -5.4578278e-02
  -2.8850898e-02
  -1.0865949e-02
  -1.7334389e-02
  -0.0000000e+00
  -0.0000000e+00
  -0.0000000e+00
  -0.0000000e+00
  -0.0000000e+00
  -0.0000000e+00
  -0.0000000e+00
   0.0000000e+00
   0.0000000e+00
  -0.0000000e+00
   0.0000000e+00
   0.0000000e+00
   0.0000000e+00
  -0.0000000e+00
  -0.0000000e+00
  -0.0000000e+00
  -0.0000000e+00
  -0.0000000e+00
  -0.0000000e+00
  -7.0305899e-02
  -0.0000000e+00
  -0.0000000e+00
   0.0000000e+00
  -0.0000000e+00
  -0.0000000e+00
  -0.0000000e+00
  -0.0000000e+00
  -0.0000000e+00
  -0.0000000e+00
  -8.1561031e-03
  -9.6501652e-03
  -0.0000000e+00
  -0.0000000e+00
  -2.3375271e-02
  -2.4755575e-02
  -2.3610853e-02
  -4.0927052e-02
  -6.5448858e-02
  -0.0000000e+00
  -0.0000000e+00
  -0.0000000e+00
  -0.0000000e+00
  -0.0000000e+00
  -0.0000000e+00
  -0.0000000e+00
  -0.0000000e+00
  -2.6105886e-03
   2.2089629e-04
   2.4769753e-04
  -1.1117740e-03
  -1.3594192e-03
  -1.8002895e-04
  -2.5109549e-03
  -1.1218622e-02
  -1.5874300e-02
  -1.8734659e-02
  -1.5836016e-02
  -9.4092263e-03
  -5.6940283e-03
  -2.2630824e-03
   2.0293461e-03
   5.4688413e-03
   1.1132428e-02
   1.1935728e-02
   2.4358850e-03
   9.1274108e-03
   0.0000000e+00
   0.0000000e+00
  -0.0000000e+00
  -0.0000000e+00
  -2.0629480e-02
  -2.7308579e-02
  -2.4298438e-02
  -2.4475051e-02
  -1.8450872e-02
  -1.0822675e-02
  -8.2942652e-03
  -9.7619910e-03
  -6.9538119e-03
  -3.7202446e-03
  -3.8071295e-03
  -2.1553838e-03
