  5.640963e-01
  4.625709e-01
  4.421013e-01
  4.527105e-01
  4.301090e-01
  4.082020e-01
  3.933363e-01
  3.820560e-01
  3.617710e-01
  3.282202e-01
  2.774075e-01
  2.571816e-01
  2.470919e-01
  2.206442e-01
  2.350739e-01
  2.512601e-01
  3.049739e-01
  3.230006e-01
  3.364458e-01
  3.156524e-01
  2.612682e-01
  2.404759e-01
  2.238434e-01
  2.315577e-01
  2.352966e-01
  2.440488e-01
  2.898224e-01
  3.239510e-01
  3.771763e-01
  3.757168e-01
  3.942155e-01
  4.377769e-01
  4.921076e-01
  4.921982e-01
  5.553350e-01
  6.702132e-01
