   0.0000000e+00
   0.0000000e+00
   0.0000000e+00
   0.0000000e+00
   0.0000000e+00
   0.0000000e+00
   0.0000000e+00
   0.0000000e+00
   0.0000000e+00
   0.0000000e+00
   0.0000000e+00
   0.0000000e+00
   0.0000000e+00
   0.0000000e+00
   0.0000000e+00
   0.0000000e+00
   0.0000000e+00
   0.0000000e+00
   0.0000000e+00
   0.0000000e+00
   0.0000000e+00
   0.0000000e+00
  -0.0000000e+00
  -0.0000000e+00
  -0.0000000e+00
  -0.0000000e+00
  -0.0000000e+00
  -0.0000000e+00
  -0.0000000e+00
  -0.0000000e+00
   0.0000000e+00
   0.0000000e+00
   0.0000000e+00
   0.0000000e+00
   0.0000000e+00
   0.0000000e+00
   0.0000000e+00
   4.1249663e-02
   2.7547004e-02
   2.2076692e-02
   3.5282705e-02
   7.6037154e-02
   1.0018125e-01
   5.5572074e-02
   3.9549042e-02
   1.5548892e-02
  -2.0568809e-03
  -6.4624390e-03
  -1.1436915e-02
   6.3817655e-03
   3.2173268e-02
   4.3487366e-02
   7.1787618e-02
   7.6330297e-02
   8.0667667e-02
   5.3703427e-02
   1.2738421e-02
   4.8415386e-03
   7.7092263e-04
  -1.6722133e-03
  -2.0120744e-02
  -1.6924692e-02
  -4.0294079e-04
   1.4776692e-02
   5.0305147e-02
   7.3064670e-02
   1.6866359e-01
   1.8848328e-01
   1.1894535e-01
   4.0627103e-02
   3.2881368e-02
   0.0000000e+00
   1.0616738e-02
   1.8807314e-03
  -2.8623510e-02
  -3.9321061e-02
  -2.0625614e-02
   1.1743396e-04
   6.8080337e-03
   9.7547509e-03
   1.9059712e-02
   2.1963309e-02
   9.9115539e-03
   1.0956721e-02
   3.1935960e-02
   4.2985521e-02
   2.8745396e-02
   1.3897536e-02
   8.5722208e-03
   4.7751442e-03
  -2.1535438e-03
  -1.1314323e-02
  -8.7685119e-03
   4.2859670e-03
   1.5444893e-02
   2.7270220e-02
   3.0872302e-02
   2.4448309e-02
   9.3791522e-03
  -4.9947412e-03
  -5.5598060e-04
   1.1992483e-02
   2.1175945e-02
   2.6746077e-02
   2.2691278e-02
   6.2479596e-03
  -6.1456058e-03
   1.8283611e-04
   2.3057403e-02
   3.1479364e-03
  -2.6323624e-02
  -2.1667818e-02
   1.0658704e-02
   3.2023750e-02
   1.5894936e-02
   1.0337545e-02
   3.6324225e-02
   4.8764873e-02
   3.0147839e-02
   2.8172359e-02
   3.7001666e-02
   2.8855158e-02
   1.3874314e-02
   1.1140696e-02
   1.3050186e-02
   1.4065034e-02
   5.9804162e-03
   1.3033880e-03
   1.2791011e-02
   2.0524660e-02
   2.0484466e-02
   2.5542326e-02
   2.2698225e-02
   1.3907907e-02
   5.6506144e-03
  -2.8857347e-03
   1.0366931e-03
   1.1329883e-02
   1.2803566e-02
   1.2846506e-02
   9.4463518e-03
  -7.4855355e-04
  -1.9410172e-03
   1.2583761e-02
   3.1923071e-02
   7.5540785e-03
  -1.6542384e-02
   1.6900466e-03
   3.7845034e-02
   4.7263552e-02
   8.1694890e-03
   5.7607391e-03
   4.5245435e-02
   5.7778880e-02
   2.8921580e-02
   1.9581893e-02
   1.4237677e-02
   2.6197555e-03
   8.8647865e-03
   1.4035077e-02
   1.0717175e-02
   1.0924338e-02
  -3.6861200e-03
   0.0000000e+00
   2.5327044e-02
   2.3503946e-02
   1.0396491e-02
   1.1573093e-02
   7.6611885e-03
   9.6369302e-03
   1.7620381e-02
   8.5591460e-03
   1.0194169e-02
   2.5371451e-02
   2.4996705e-02
   1.6401574e-02
   1.2489493e-03
  -7.2160657e-03
   2.6578470e-03
   1.8930439e-02
   3.3583302e-02
   5.6367791e-03
  -1.1835328e-02
   4.7874856e-03
   2.8010391e-02
   2.7182404e-02
  -5.9076077e-03
   1.1454094e-03
   4.0676158e-02
   5.0206862e-02
   1.9540124e-02
   2.1862690e-04
  -1.5476338e-02
  -1.8059880e-02
   4.3131397e-03
   6.2668123e-03
  -5.1963294e-04
  -5.8684354e-03
  -3.1052276e-02
  -0.0000000e+00
   2.3223160e-02
   1.6057899e-02
  -7.7540656e-03
   1.2550747e-03
  -1.6046729e-04
   8.2134726e-03
   2.5256343e-02
   2.5031136e-03
  -5.4616164e-03
   2.1710508e-02
   2.8995648e-02
   1.7276274e-02
  -5.1851263e-03
  -1.0224977e-02
   1.0874852e-03
   2.1034824e-02
   1.7231517e-02
  -1.4547134e-02
  -1.8590291e-02
  -6.9803382e-03
   1.1313972e-02
   7.6965627e-03
  -2.3040414e-02
  -1.8803615e-02
   1.6488769e-02
   2.7758995e-02
  -4.3734155e-03
  -3.0680289e-02
  -3.7036231e-02
  -2.5461501e-02
  -1.5498420e-03
  -5.9911069e-03
  -9.7187040e-03
  -1.6572004e-02
  -3.7552331e-02
   0.0000000e+00
   1.4118682e-02
   8.5980268e-04
  -1.6391930e-02
  -5.2917359e-03
  -3.8936872e-03
   2.8028736e-03
   9.3774590e-03
  -2.8717936e-02
  -2.1687283e-02
   1.0712242e-02
   1.7532908e-02
   3.3219516e-03
  -1.8862533e-02
  -1.8392550e-02
  -4.5692935e-03
   1.4667504e-02
  -7.3500467e-04
  -2.5904451e-02
  -1.2290153e-02
   2.1483437e-03
   0.0000000e+00
   6.3521909e-03
  -2.3486128e-02
  -2.9039666e-02
  -6.9340379e-03
   1.1474014e-03
  -2.5666449e-02
  -3.8932201e-02
  -3.2248810e-02
  -2.1923283e-02
  -4.9788319e-03
  -1.3019708e-02
  -1.1909300e-02
  -1.9241674e-02
  -1.7230755e-02
   0.0000000e+00
   1.3284694e-02
  -2.1258760e-03
  -1.7954940e-02
  -1.1789517e-02
  -1.5432917e-02
  -8.7948572e-03
  -1.0374972e-02
  -2.8892476e-02
   2.0226033e-04
   2.5095271e-02
   1.6931375e-02
  -8.1912680e-03
  -2.9245682e-02
  -2.5560085e-02
  -1.6002107e-02
  -9.5561589e-04
  -9.1381120e-03
  -2.2512872e-02
   4.2430712e-03
   0.0000000e+00
   0.0000000e+00
   1.1613128e-03
  -2.2701414e-02
  -3.2512780e-02
  -1.7297843e-02
  -1.2818012e-02
  -3.0415777e-02
  -3.5888836e-02
  -2.5427680e-02
  -1.8257113e-02
  -6.2355604e-03
  -1.5633399e-02
  -1.1510214e-02
  -1.4076356e-02
  -4.0736720e-03
   0.0000000e+00
   0.0000000e+00
  -1.5689668e-03
  -1.8290451e-02
  -1.5198145e-02
  -2.0181112e-02
  -1.2081169e-02
  -1.1413924e-02
  -1.3243377e-02
   0.0000000e+00
   2.8099317e-02
   1.1592827e-02
  -1.4282693e-02
  -3.0907841e-02
  -2.8108872e-02
  -1.9047756e-02
  -7.2872285e-03
  -1.4130137e-02
  -9.6150717e-03
   0.0000000e+00
   0.0000000e+00
   0.0000000e+00
  -7.6269404e-03
  -2.0993364e-02
  -3.2932539e-02
  -2.2715352e-02
  -2.3013725e-02
  -2.6723033e-02
  -2.5449444e-02
  -1.5646054e-02
  -1.3564178e-02
  -6.5481988e-03
  -1.6343771e-02
  -9.4929824e-03
  -2.9877140e-03
   8.3096775e-03
   0.0000000e+00
   0.0000000e+00
   1.2043540e-03
  -1.7995197e-02
  -1.7685204e-02
  -2.2190586e-02
  -1.1360019e-02
  -1.7784492e-03
   1.5723181e-02
   0.0000000e+00
   2.5228612e-02
   2.0977601e-03
  -1.8784948e-02
  -2.7901295e-02
  -2.8618279e-02
  -1.7979154e-02
  -9.8289136e-03
   1.8063697e-03
   6.0132392e-02
   0.0000000e+00
   0.0000000e+00
   0.0000000e+00
  -2.6030904e-02
  -1.3600349e-02
  -2.2663258e-02
  -1.1688914e-02
  -5.1047066e-03
  -3.0839508e-03
  -7.1983095e-03
  -1.9355647e-03
  -5.5758050e-03
   3.3007248e-04
  -3.1002383e-03
  -1.4078665e-03
   1.9566596e-02
   2.5103893e-02
   0.0000000e+00
   0.0000000e+00
   9.4135609e-03
  -2.2737268e-02
  -1.5474776e-02
  -7.3101525e-03
   2.9548118e-03
   2.8188385e-02
   1.1148576e-01
   0.0000000e+00
  -5.5940613e-02
  -2.0027012e-02
  -1.0731433e-02
  -5.0009685e-03
  -1.1695006e-02
  -3.6867452e-03
  -4.1997479e-04
   9.6793147e-03
   6.2456500e-02
   0.0000000e+00
  -0.0000000e+00
  -0.0000000e+00
  -2.2057496e-02
  -8.6215399e-03
  -1.6851710e-02
  -3.9521335e-03
   3.7124432e-03
   5.4687886e-03
  -6.6660298e-04
   3.8459199e-03
   1.0639301e-04
   5.3640511e-03
   4.1974769e-03
   5.1805209e-03
   3.2428175e-02
   2.7236938e-02
  -0.0000000e+00
   0.0000000e+00
   0.0000000e+00
  -2.2648335e-02
  -1.1036320e-02
   7.5037294e-04
   1.2221532e-02
   4.2971041e-02
   0.0000000e+00
  -0.0000000e+00
  -8.1128664e-02
  -3.1702306e-02
  -2.9703164e-03
   3.8964981e-03
  -4.7533703e-03
   2.2173547e-03
   5.2926820e-03
   2.3183619e-02
   3.6504938e-02
   0.0000000e+00
  -0.0000000e+00
  -4.1355618e-02
  -3.0689467e-03
   1.1544382e-03
  -6.1953804e-03
   1.1451762e-02
   1.8808137e-02
   1.7227149e-02
   8.2220828e-03
   1.2838752e-02
   1.1470194e-02
   1.5522986e-02
   1.7418683e-02
   1.8898468e-02
   5.6091276e-02
   2.5153018e-02
  -0.0000000e+00
   0.0000000e+00
  -0.0000000e+00
  -2.0230239e-02
  -3.0520644e-04
   1.5237292e-02
   3.0161564e-02
   6.8307350e-02
   0.0000000e+00
  -0.0000000e+00
  -0.0000000e+00
  -5.2423033e-02
   1.3866373e-02
   1.6907385e-02
   5.8315868e-03
   1.1266902e-02
   1.6083249e-02
   3.1960167e-02
   2.8836323e-02
  -0.0000000e+00
  -0.0000000e+00
  -1.0665451e-02
   5.5555990e-03
   8.5219257e-03
   6.0964101e-03
   2.6108362e-02
   2.8845627e-02
   2.4000924e-02
   1.7194590e-02
   2.7582329e-02
   2.5091110e-02
   2.8005175e-02
   3.2125689e-02
   3.7727017e-02
   5.6109503e-02
   0.0000000e+00
  -0.0000000e+00
   0.0000000e+00
  -0.0000000e+00
  -1.1601580e-02
   1.2841387e-02
   2.6753671e-02
   4.0214349e-02
   6.2595509e-02
   0.0000000e+00
  -0.0000000e+00
  -0.0000000e+00
  -1.7943423e-02
   2.8544318e-02
   2.2476647e-02
   1.4738743e-02
   2.2825228e-02
   3.0730614e-02
   3.7042556e-02
   2.4395525e-02
  -0.0000000e+00
  -0.0000000e+00
   7.1068492e-03
   1.0549968e-02
   1.2788345e-02
   1.3214435e-02
   3.4595822e-02
   3.4658217e-02
   2.7923534e-02
   2.2390459e-02
   3.6120155e-02
   3.2978813e-02
   3.5233456e-02
   4.0642340e-02
   4.8630403e-02
   5.6120058e-02
  -0.0000000e+00
  -0.0000000e+00
   0.0000000e+00
  -0.0000000e+00
  -6.6048301e-03
   2.0454419e-02
   3.3422666e-02
   4.6035790e-02
   5.9287851e-02
   0.0000000e+00
  -0.0000000e+00
  -0.0000000e+00
   2.0232977e-03
   3.7044133e-02
   2.5701737e-02
   1.9896769e-02
   2.9518508e-02
   3.9212728e-02
   2.2587357e-02
   0.0000000e+00
   1.7800255e-02
   4.5841066e-03
   1.4663386e-02
   1.4383890e-02
   1.2883483e-02
   2.0563982e-02
   2.9356198e-02
   2.5495581e-02
   2.7073730e-02
   2.8728127e-02
   4.1451767e-02
   3.6870837e-02
   4.3366160e-02
   4.1792952e-02
   4.4441145e-02
   3.5614021e-02
  -0.0000000e+00
  -0.0000000e+00
  -0.0000000e+00
   0.0000000e+00
   4.3684930e-02
   3.8604181e-02
   3.9935663e-02
   3.9527219e-02
   3.0074351e-02
  -0.0000000e+00
  -0.0000000e+00
  -0.0000000e+00
   1.5180483e-02
   2.3910133e-02
   1.9069251e-02
   2.0785967e-02
   2.4196841e-02
   2.6575254e-02
   1.7674509e-02
   0.0000000e+00
   1.5819190e-02
   5.8911992e-03
   1.2182539e-02
   1.2162405e-02
   1.0653690e-02
   1.7410347e-02
   2.3366410e-02
   1.9903876e-02
   2.2437932e-02
   2.4494778e-02
   3.4832280e-02
   3.0968992e-02
   3.8009606e-02
   3.6038119e-02
   3.7326097e-02
   2.7153857e-02
  -0.0000000e+00
  -0.0000000e+00
  -0.0000000e+00
   0.0000000e+00
   4.0150929e-02
   3.5491936e-02
   3.7093591e-02
   3.7028171e-02
   2.7118748e-02
  -0.0000000e+00
  -0.0000000e+00
   0.0000000e+00
   1.6348077e-02
   1.8156834e-02
   1.5552557e-02
   1.6820280e-02
   1.9070545e-02
   2.0687079e-02
   0.0000000e+00
   0.0000000e+00
   2.0389595e-03
  -3.2015351e-04
   2.0132668e-03
   3.6561566e-03
   2.8833231e-03
   4.9447636e-03
   3.6173130e-03
   2.3409808e-03
   6.4974490e-03
   8.4830184e-03
   1.0731944e-02
   9.6576911e-03
   1.7726335e-02
   1.5798606e-02
   1.3450672e-02
   1.9403423e-03
  -0.0000000e+00
  -0.0000000e+00
  -0.0000000e+00
  -5.5590722e-03
   1.7579710e-02
   2.0961017e-02
   2.5882136e-02
   2.9672650e-02
   2.2820551e-02
   0.0000000e+00
   0.0000000e+00
   0.0000000e+00
   1.7715396e-02
   8.4457691e-04
   4.6849964e-03
   2.8534175e-03
   2.3397838e-03
   2.8044183e-03
   0.0000000e+00
  -0.0000000e+00
  -6.7663360e-03
  -1.0178409e-02
  -9.2433244e-03
  -5.6997491e-03
  -5.3638848e-03
  -5.9796232e-03
  -7.9787169e-03
  -9.3906838e-03
  -6.5040425e-03
  -4.5810863e-03
  -2.8178988e-03
  -2.1591021e-03
   5.9024477e-03
   7.6004532e-03
   5.4674922e-03
  -1.7156596e-03
  -0.0000000e+00
  -0.0000000e+00
  -0.0000000e+00
  -7.0971372e-03
   6.4077573e-03
   9.7685931e-03
   1.9171156e-02
   3.0940605e-02
   2.6183547e-02
   0.0000000e+00
   0.0000000e+00
   0.0000000e+00
   4.2601176e-02
  -5.2304021e-03
   5.4187316e-04
  -1.5033659e-03
   5.5234251e-04
   2.4755858e-04
  -0.0000000e+00
  -2.7301935e-02
  -1.6067624e-02
  -2.0591963e-02
  -2.1133980e-02
  -1.5582660e-02
  -1.4075645e-02
  -1.7519366e-02
  -2.0227935e-02
  -2.1783177e-02
  -2.0237887e-02
  -1.8381074e-02
  -1.7130986e-02
  -1.4641518e-02
  -6.5874617e-03
  -1.0594911e-03
  -2.9653699e-03
  -5.5775996e-03
  -0.0000000e+00
  -0.0000000e+00
  -5.4422083e-02
  -8.7218391e-03
  -5.3934939e-03
  -2.0542837e-03
   1.2082158e-02
   3.2279984e-02
   2.9735981e-02
   0.0000000e+00
   0.0000000e+00
   0.0000000e+00
   6.8888733e-02
  -1.1647577e-02
  -3.8346261e-03
  -6.1055607e-03
  -1.3357830e-03
  -2.4533254e-03
   0.0000000e+00
  -1.1473047e-02
  -4.6643149e-02
  -2.9891396e-02
  -4.1691426e-02
  -4.0331148e-02
  -3.5234626e-02
  -3.3396397e-02
  -3.6999825e-02
  -4.2681322e-02
  -4.5832559e-02
  -4.1977443e-02
  -4.1858159e-02
  -3.6268655e-02
  -3.2341216e-02
  -5.9484867e-03
  -3.7894719e-03
  -9.3593365e-03
  -0.0000000e+00
  -0.0000000e+00
  -4.0621370e-02
  -3.0110916e-02
  -3.0639736e-02
  -2.7560141e-02
   5.5230460e-03
   0.0000000e+00
   0.0000000e+00
   0.0000000e+00
  -0.0000000e+00
   0.0000000e+00
   0.0000000e+00
  -1.6537448e-02
  -9.9783195e-03
  -4.6275533e-03
   9.0720393e-03
  -2.1405262e-04
   0.0000000e+00
  -5.6427140e-03
  -5.5186190e-02
  -3.2453690e-02
  -4.8287362e-02
  -4.8683267e-02
  -4.2516164e-02
  -3.8585424e-02
  -4.2525630e-02
  -4.9573295e-02
  -5.4322530e-02
  -4.9769722e-02
  -5.0037961e-02
  -4.3406393e-02
  -4.1416232e-02
  -7.5680544e-03
  -3.7950408e-03
  -1.1314422e-02
  -0.0000000e+00
  -9.4370604e-02
  -3.5658162e-02
  -3.7564702e-02
  -3.9322145e-02
  -3.7081376e-02
   6.6923513e-04
   0.0000000e+00
   0.0000000e+00
  -0.0000000e+00
  -0.0000000e+00
   0.0000000e+00
   0.0000000e+00
  -1.7852092e-02
  -1.2111826e-02
  -3.3188104e-03
   1.3227758e-02
   8.5681130e-04
   0.0000000e+00
   1.2471582e-02
   1.8926902e-03
  -1.3872762e-02
  -3.8761173e-02
  -5.1147962e-02
  -4.9391149e-02
  -3.4438832e-02
  -3.9645960e-02
  -4.6211607e-02
  -5.1869160e-02
  -4.6328406e-02
  -4.6909253e-02
  -4.0108926e-02
  -5.6971470e-02
  -7.0265390e-03
   5.3518196e-03
  -0.0000000e+00
  -3.6513204e-02
  -1.6350396e-02
  -2.3931151e-02
  -4.7665954e-02
  -4.7332359e-02
  -7.0554612e-02
  -8.9386619e-02
  -0.0000000e+00
  -0.0000000e+00
  -0.0000000e+00
  -0.0000000e+00
  -0.0000000e+00
   0.0000000e+00
  -6.9755070e-03
  -1.4759842e-02
   2.4254387e-02
   3.6046929e-02
   1.1751419e-02
   0.0000000e+00
   1.8854963e-02
   1.0360392e-02
  -4.9581779e-03
  -2.9041804e-02
  -4.2591583e-02
  -4.3807011e-02
  -3.0205347e-02
  -3.3863042e-02
  -3.7080750e-02
  -4.3291919e-02
  -4.0206205e-02
  -4.1010823e-02
  -3.3802684e-02
  -5.2835360e-02
   5.0751977e-03
   0.0000000e+00
  -2.1161109e-02
  -2.4126692e-02
  -9.7140167e-03
  -1.7175147e-02
  -3.7444185e-02
  -3.8089685e-02
  -6.3458584e-02
  -8.8709861e-02
  -0.0000000e+00
  -0.0000000e+00
  -0.0000000e+00
  -0.0000000e+00
  -0.0000000e+00
   0.0000000e+00
   6.8947016e-03
  -1.2953967e-02
  -0.0000000e+00
   4.7683626e-02
   3.3828720e-02
   0.0000000e+00
   3.1221083e-02
   2.6764333e-02
   1.2311479e-02
  -1.0213088e-02
  -2.6015851e-02
  -3.2989225e-02
  -2.2004086e-02
  -2.2660166e-02
  -1.9392115e-02
  -2.6675775e-02
  -2.8346046e-02
  -2.9584158e-02
  -2.1586002e-02
  -4.4822729e-02
   0.0000000e+00
   1.0276718e-01
   5.0226229e-03
  -1.3109446e-04
   3.1422211e-03
  -4.0871686e-03
  -1.7642198e-02
  -2.0184435e-02
  -4.9711908e-02
  -8.7398819e-02
  -0.0000000e+00
  -0.0000000e+00
  -0.0000000e+00
  -0.0000000e+00
  -0.0000000e+00
  -0.0000000e+00
   3.3764576e-02
  -9.4555601e-03
  -0.0000000e+00
   0.0000000e+00
   0.0000000e+00
   0.0000000e+00
   0.0000000e+00
   2.0167686e-02
   2.5376648e-02
   1.0964684e-02
  -6.6026160e-03
  -1.7744238e-02
  -1.1909494e-02
  -7.6694065e-03
  -4.7963737e-03
  -1.2185730e-02
  -1.4679382e-02
  -2.3477528e-02
  -1.7058950e-02
  -3.4009159e-02
   0.0000000e+00
   5.5221301e-02
   1.6997749e-02
   1.2885259e-02
   1.4476600e-02
   7.6519703e-03
   7.6429977e-04
  -7.2813286e-03
  -2.9003570e-02
  -6.0944956e-02
  -0.0000000e+00
  -0.0000000e+00
  -0.0000000e+00
  -0.0000000e+00
  -0.0000000e+00
  -0.0000000e+00
   2.3870548e-02
  -2.3854416e-02
  -0.0000000e+00
   0.0000000e+00
   0.0000000e+00
   0.0000000e+00
   0.0000000e+00
   1.2516607e-02
   2.7714109e-02
   2.0248927e-02
   4.3769069e-03
  -8.4637785e-03
  -5.6641027e-03
   7.3184393e-04
   3.1692563e-03
  -4.3557789e-03
  -6.7799245e-03
  -1.9771924e-02
  -1.4591092e-02
  -3.0102663e-02
   0.0000000e+00
   3.9867569e-02
   2.4694072e-02
   1.7340347e-02
   1.9080728e-02
   1.3413019e-02
   9.9576544e-03
  -1.3474259e-05
  -1.6996229e-02
  -4.4694647e-02
  -0.0000000e+00
  -0.0000000e+00
  -0.0000000e+00
  -0.0000000e+00
  -0.0000000e+00
  -0.0000000e+00
   0.0000000e+00
  -0.0000000e+00
  -0.0000000e+00
   0.0000000e+00
   0.0000000e+00
  -0.0000000e+00
  -0.0000000e+00
  -2.1655360e-02
   4.7081874e-03
   2.1842876e-02
   2.3307497e-02
   1.1060770e-02
   7.9736764e-03
   1.4804641e-02
   1.5355266e-02
   7.1901052e-03
   7.7499871e-03
  -1.2034788e-02
  -1.0831147e-02
  -3.5191051e-02
   0.0000000e+00
   0.0000000e+00
   0.0000000e+00
   9.4664209e-03
   1.7352417e-02
   1.8645891e-02
   1.9296581e-02
   1.2358383e-02
   5.2871168e-03
  -9.7788784e-03
  -0.0000000e+00
  -0.0000000e+00
  -3.4594487e-02
  -3.3981734e-02
  -0.0000000e+00
  -0.0000000e+00
  -0.0000000e+00
  -0.0000000e+00
   0.0000000e+00
   0.0000000e+00
   0.0000000e+00
  -0.0000000e+00
  -0.0000000e+00
  -0.0000000e+00
  -6.4339237e-03
   6.8087811e-03
   1.2672381e-02
   2.1139778e-02
   1.4043977e-02
   1.2598795e-02
   1.3040409e-02
   6.1505809e-03
   1.0529133e-02
  -2.8096579e-03
  -2.8151467e-03
   0.0000000e+00
   0.0000000e+00
   0.0000000e+00
   0.0000000e+00
  -2.7483706e-03
   1.6558371e-02
   1.5140643e-02
   1.2493265e-02
   1.3414470e-02
   1.8863536e-02
   1.8071844e-03
  -3.0485936e-03
  -1.4182284e-02
  -1.6556162e-02
  -6.6365586e-03
  -2.3874983e-02
  -0.0000000e+00
  -0.0000000e+00
  -0.0000000e+00
   0.0000000e+00
   0.0000000e+00
   0.0000000e+00
  -0.0000000e+00
  -0.0000000e+00
  -0.0000000e+00
  -1.3515046e-02
  -8.6982157e-03
  -2.5825929e-03
   2.2883367e-02
   1.5173868e-02
   7.2962292e-03
   9.4260694e-03
   4.5272522e-03
   1.1161398e-02
   2.6065030e-03
  -2.2614391e-03
   0.0000000e+00
   0.0000000e+00
   0.0000000e+00
   0.0000000e+00
  -1.6056903e-02
   1.3097342e-02
   1.0398426e-02
   3.2797744e-03
   1.0532414e-02
   2.6214462e-02
   1.3617550e-02
   0.0000000e+00
  -1.3664789e-02
  -4.2608329e-03
   0.0000000e+00
   0.0000000e+00
  -0.0000000e+00
  -0.0000000e+00
  -0.0000000e+00
   0.0000000e+00
   0.0000000e+00
   0.0000000e+00
  -0.0000000e+00
  -0.0000000e+00
   0.0000000e+00
  -1.4970527e-02
  -3.1855431e-02
  -3.4221742e-02
   7.6014313e-03
   6.2540468e-03
  -6.8801710e-03
   1.4929568e-03
   9.6386769e-04
   7.4870086e-03
   2.2212280e-03
  -1.7381254e-02
   0.0000000e+00
   0.0000000e+00
  -0.0000000e+00
  -0.0000000e+00
  -0.0000000e+00
   2.4675043e-03
   9.8763187e-04
  -1.5018850e-02
  -1.9807747e-03
   2.3440257e-02
   3.0964748e-02
   7.6756721e-03
  -0.0000000e+00
   0.0000000e+00
   0.0000000e+00
   0.0000000e+00
  -0.0000000e+00
  -0.0000000e+00
  -0.0000000e+00
   0.0000000e+00
   0.0000000e+00
   0.0000000e+00
  -0.0000000e+00
  -0.0000000e+00
  -0.0000000e+00
  -0.0000000e+00
  -5.3630628e-02
  -7.3993422e-02
  -1.9601088e-02
  -2.5087057e-03
  -2.7725738e-02
  -2.7142404e-02
  -8.2892207e-03
   6.2106792e-03
   2.1303201e-04
  -3.9485864e-02
  -0.0000000e+00
  -0.0000000e+00
  -0.0000000e+00
  -0.0000000e+00
  -0.0000000e+00
  -0.0000000e+00
  -1.0005587e-02
  -3.7022434e-02
  -3.9081294e-02
  -4.0676696e-03
   1.7668243e-02
  -2.8813146e-03
  -0.0000000e+00
  -0.0000000e+00
   0.0000000e+00
   0.0000000e+00
  -0.0000000e+00
  -0.0000000e+00
  -0.0000000e+00
  -0.0000000e+00
   0.0000000e+00
   0.0000000e+00
  -0.0000000e+00
  -0.0000000e+00
  -0.0000000e+00
  -0.0000000e+00
  -6.0516536e-02
  -7.0551634e-02
  -2.6392765e-02
  -6.8765320e-03
  -3.3753507e-02
  -4.6910897e-02
  -2.5313672e-02
   3.3016200e-05
   2.3557385e-03
  -0.0000000e+00
  -0.0000000e+00
  -0.0000000e+00
  -0.0000000e+00
  -0.0000000e+00
  -0.0000000e+00
   0.0000000e+00
   2.0637827e-03
  -3.6283888e-02
  -5.9226196e-02
  -2.4943149e-02
   7.9293491e-04
  -0.0000000e+00
  -0.0000000e+00
  -0.0000000e+00
  -0.0000000e+00
  -0.0000000e+00
  -0.0000000e+00
  -0.0000000e+00
   0.0000000e+00
  -0.0000000e+00
   0.0000000e+00
   0.0000000e+00
  -0.0000000e+00
  -0.0000000e+00
  -0.0000000e+00
  -0.0000000e+00
  -0.0000000e+00
  -0.0000000e+00
  -2.2963721e-02
  -1.4291556e-02
  -4.2890530e-02
  -6.1498128e-02
  -5.9329446e-02
  -6.5494759e-04
   0.0000000e+00
   0.0000000e+00
   0.0000000e+00
  -0.0000000e+00
  -0.0000000e+00
  -0.0000000e+00
  -0.0000000e+00
   0.0000000e+00
   7.8105428e-03
  -2.7266765e-02
  -6.2372953e-02
  -4.3263979e-02
  -1.0529323e-02
  -2.2641858e-02
  -0.0000000e+00
  -0.0000000e+00
  -0.0000000e+00
  -0.0000000e+00
  -0.0000000e+00
  -0.0000000e+00
  -0.0000000e+00
  -0.0000000e+00
   0.0000000e+00
   0.0000000e+00
  -0.0000000e+00
  -0.0000000e+00
   0.0000000e+00
  -0.0000000e+00
  -0.0000000e+00
  -0.0000000e+00
  -0.0000000e+00
  -0.0000000e+00
  -0.0000000e+00
  -7.2512701e-02
  -0.0000000e+00
  -0.0000000e+00
   0.0000000e+00
   0.0000000e+00
   0.0000000e+00
  -0.0000000e+00
  -0.0000000e+00
  -0.0000000e+00
  -0.0000000e+00
  -2.1659873e-02
  -3.2387981e-03
  -0.0000000e+00
  -0.0000000e+00
  -3.7979014e-02
  -2.0251611e-02
  -1.3686167e-02
  -2.6110560e-02
  -6.4908840e-02
  -0.0000000e+00
  -0.0000000e+00
  -0.0000000e+00
  -0.0000000e+00
  -0.0000000e+00
  -0.0000000e+00
  -0.0000000e+00
  -0.0000000e+00
  -3.6263624e-03
  -4.4000000e-03
  -5.8835978e-04
  -2.4149122e-03
  -5.2403053e-03
  -2.6644119e-03
  -3.4793428e-04
  -1.8373072e-02
  -3.3913225e-02
  -3.0333683e-02
  -4.9426768e-02
  -2.8234759e-02
  -1.1121199e-02
  -1.4268793e-02
  -8.0786003e-03
  -3.3218603e-04
  -7.0382594e-03
  -1.7792001e-02
  -3.0679384e-02
  -1.8253777e-02
   0.0000000e+00
   0.0000000e+00
  -0.0000000e+00
  -0.0000000e+00
  -2.4525270e-02
  -3.6357742e-02
  -3.2216270e-02
  -4.6960384e-02
  -4.7203921e-02
  -3.0582733e-02
  -9.9819079e-03
  -2.2096325e-02
  -2.2228191e-02
  -9.5467679e-03
  -6.7132264e-03
  -6.1085522e-03
