   4.2901063e-01
   2.1681724e+00
   3.5921540e+00
   4.4126306e+00
   4.3902841e+00
   3.4588344e+00
   1.8412515e+00
   1.6112711e-01
  -1.1127157e+00
  -1.8197970e+00
  -2.4791520e+00
  -2.8277934e+00
  -2.5619252e+00
  -2.3424838e+00
  -2.2781146e+00
  -2.2560561e+00
  -2.2214644e+00
  -2.2074740e+00
  -2.2895517e+00
  -2.5355508e+00
  -2.8072851e+00
  -3.0948946e+00
  -3.5863724e+00
  -4.0235281e+00
  -4.0516124e+00
  -3.9129877e+00
  -3.6476085e+00
  -3.2833095e+00
  -2.9251995e+00
  -2.8087714e+00
  -2.9808633e+00
  -3.3202219e+00
  -3.5694907e+00
  -3.3499467e+00
  -2.5171392e+00
  -1.1843917e+00
  -9.3353724e-01
   4.1116530e-01
   2.2910166e+00
   3.8968322e+00
   4.1016560e+00
   2.5471327e+00
   6.7240345e-01
   4.8657265e-02
   1.1200409e-01
   7.9265252e-02
   1.2396248e-01
   3.9921358e-01
   8.5717827e-02
  -9.4040442e-01
  -1.8627855e+00
  -2.1416824e+00
  -1.9589819e+00
  -1.5146937e+00
  -9.2358023e-01
  -2.7932635e-01
   1.4069474e-01
   1.3348612e-01
  -1.8229754e-01
  -5.0328791e-01
  -8.6718100e-01
  -1.4958485e+00
  -2.3385754e+00
  -2.6825190e+00
  -2.6478050e+00
  -2.8049674e+00
  -2.5406985e+00
  -2.2790020e+00
  -2.4038923e+00
  -2.5804312e+00
  -2.3513665e+00
  -1.7599699e+00
   9.3701780e-03
  -1.0295566e+00
  -1.3355052e+00
  -1.0002857e+00
  -7.2385699e-01
  -1.4248383e+00
  -2.1747422e+00
  -1.6631669e+00
  -1.1543446e+00
  -2.1269269e+00
  -3.7068546e+00
  -4.0312252e+00
  -3.6051548e+00
  -2.7822206e+00
  -1.5825076e+00
  -6.8258888e-01
  -4.0763235e-01
  -2.6843470e-01
  -2.5687695e-01
  -4.7491109e-01
  -7.3219460e-01
  -1.3103889e+00
  -1.9849710e+00
  -2.0073266e+00
  -1.0841970e+00
  -2.5104219e-01
  -3.2286155e-01
  -5.1729292e-01
  -2.3526087e-01
  -2.7995753e-01
  -2.0038532e-01
   1.2060212e-01
   3.0047095e-01
   5.2954888e-01
   8.5894388e-01
   8.0702984e-01
  -1.3832434e+00
  -3.0237858e+00
  -4.5240693e+00
  -5.6403031e+00
  -5.8344836e+00
  -5.6580420e+00
  -5.4107676e+00
  -3.8859558e+00
  -2.4289336e+00
  -3.1770246e+00
  -5.0769944e+00
  -5.3237457e+00
  -4.0589519e+00
  -2.2712727e+00
  -7.5034225e-01
  -5.3336978e-01
  -1.0899987e+00
  -1.0321451e+00
  -7.6143932e-01
  -1.3251624e+00
  -1.8398279e+00
  -2.0007632e+00
  -1.9358677e+00
  -1.2600478e+00
  -3.4774953e-01
  -4.8549216e-02
  -9.8232388e-01
  -2.1386766e+00
  -1.9045160e+00
  -1.9548681e+00
  -2.5437822e+00
  -2.5683162e+00
  -2.0672786e+00
  -1.2418292e+00
  -5.2193362e-01
  -4.4021881e-01
  -2.2088401e+00
  -2.1022782e+00
  -2.1907849e+00
  -3.0824649e+00
  -3.8165658e+00
  -4.1640015e+00
  -4.5540080e+00
  -3.7936647e+00
  -2.1971421e+00
  -1.7426611e+00
  -2.2824125e+00
  -2.0943859e+00
  -9.1155779e-01
  -1.3665557e-02
   3.1789297e-01
  -1.6623165e-02
  -7.5610405e-01
  -5.1524067e-01
   2.2735676e-01
  -4.0799814e-01
  -1.4006517e+00
  -1.5739326e+00
  -1.4682348e+00
  -4.7930008e-01
  -1.5001816e-01
  -4.4474226e-01
  -9.1615903e-01
  -1.7727977e+00
  -1.2640445e+00
  -1.5168190e+00
  -2.8929615e+00
  -3.6302891e+00
  -3.4296579e+00
  -3.0326488e+00
  -2.7931747e+00
  -2.4403279e+00
  -6.2798834e-01
   3.6464649e-01
   9.8616409e-01
   6.9396567e-01
   4.0863580e-01
   1.0818958e-02
  -8.5614872e-01
  -1.2242602e+00
  -1.3804922e-01
   9.9006391e-01
   1.5338961e+00
   1.6840998e+00
   2.2668076e+00
   2.1984892e+00
   2.0710626e+00
   1.7927444e+00
   1.3357717e+00
   1.4094249e+00
   1.9783516e+00
   1.5794019e+00
   6.8750024e-01
   6.0208130e-01
  -1.0010207e-01
   2.2869937e-01
   1.1249915e-01
   1.3569449e-01
   1.3074541e+00
   1.1958679e+00
   1.5420551e+00
   1.2640877e+00
   3.5576791e-02
  -1.0992806e+00
  -1.4863213e+00
  -1.7120633e+00
  -2.0021412e+00
  -1.5945930e+00
   2.2611747e+00
   2.9913292e+00
   3.0530825e+00
   2.8631465e+00
   3.3256176e+00
   3.3339636e+00
   2.6194136e+00
   1.6579540e+00
   2.3806012e+00
   3.6965322e+00
   4.7235088e+00
   4.5695658e+00
   4.5153880e+00
   3.8774910e+00
   3.9446454e+00
   3.7418668e+00
   3.6545002e+00
   3.3608232e+00
   3.2586429e+00
   3.1294904e+00
   2.5766947e+00
   2.9548652e+00
   1.7790120e+00
   1.5296184e+00
   1.3393462e+00
   1.8204041e+00
   3.9551628e+00
   3.9658971e+00
   3.8131688e+00
   3.6428010e+00
   3.5107419e+00
   2.6593559e+00
   1.9047909e+00
   1.3321993e+00
   8.3987248e-01
   1.1594713e+00
   6.6165274e+00
   5.9415557e+00
   3.9870240e+00
   3.1089719e+00
   4.3954758e+00
   5.1962332e+00
   5.4023758e+00
   4.5605999e+00
   5.3327371e+00
   6.4992177e+00
   7.4940412e+00
   6.8393828e+00
   6.1307701e+00
   5.2722026e+00
   6.0622112e+00
   5.6910705e+00
   6.0243843e+00
   5.1880139e+00
   3.8482620e+00
   3.9453946e+00
   3.8045416e+00
   5.2116051e+00
   4.3696549e+00
   4.0570647e+00
   4.2538088e+00
   5.0331221e+00
   6.7695341e+00
   5.8268496e+00
   4.8147537e+00
   4.8901777e+00
   7.0807341e+00
   7.4426656e+00
   6.6782815e+00
   6.1034052e+00
   5.8024205e+00
   5.9165421e+00
   8.0344687e+00
   6.4981999e+00
   3.7427878e+00
   2.2281327e+00
   3.6836247e+00
   4.4038873e+00
   5.2500505e+00
   4.9123526e+00
   6.0679131e+00
   6.6020699e+00
   6.9225349e+00
   6.0339971e+00
   5.1891127e+00
   4.0597420e+00
   5.0648890e+00
   4.4950023e+00
   5.3655181e+00
   4.0961113e+00
   2.3612676e+00
   2.5816774e+00
   1.6443055e+00
   3.1437733e+00
   4.0995030e+00
   5.1961570e+00
   5.9804192e+00
   5.9173765e+00
   4.9481859e+00
   3.2118232e+00
   2.5165682e+00
   2.0555389e+00
   6.3825421e+00
   8.3232498e+00
   8.0577049e+00
   7.3398814e+00
   7.4429612e+00
   7.6681767e+00
   6.3033719e+00
   5.2248788e+00
   3.3706033e+00
   1.8415785e+00
   3.2023122e+00
   3.5964713e+00
   4.2972755e+00
   3.7782466e+00
   4.6565375e+00
   4.8081822e+00
   4.8334856e+00
   4.0185647e+00
   3.4580066e+00
   2.2389476e+00
   3.0260100e+00
   2.5027637e+00
   3.3270595e+00
   1.9115825e+00
   1.2885064e+00
   1.7921648e+00
   4.1491127e-01
   1.3637257e+00
   2.7033880e+00
   4.0546303e+00
   4.5581183e+00
   4.0675154e+00
   2.2658048e+00
   1.6159474e+00
   1.4286252e+00
   7.3318616e-02
   4.3592534e+00
   6.5162716e+00
   6.4686465e+00
   5.5168180e+00
   5.6698089e+00
   5.9751024e+00
   2.6594721e+00
   2.7007352e+00
   2.7634742e+00
   1.4123869e+00
   2.5443195e+00
   2.3636543e+00
   2.5912109e+00
   1.5763212e+00
   1.8207822e+00
   1.4708828e+00
   1.1690390e+00
   5.6481344e-01
   5.7172814e-01
  -7.2558156e-01
  -4.0930076e-01
  -7.8282353e-01
  -2.1615046e-01
  -1.7616424e+00
  -2.1002381e-01
   7.7578531e-01
  -1.1559613e+00
  -1.2510999e+00
   2.1853782e-01
   1.5862319e+00
   1.3838993e+00
   3.7621496e-01
  -2.0902293e+00
  -4.8394313e-01
   1.6259439e-01
  -2.6676889e+00
   8.5661122e-01
   2.9051401e+00
   3.0987428e+00
   1.7617846e+00
   1.8769722e+00
   2.2940930e+00
  -3.0357919e+00
  -5.2501822e-01
   2.2341783e+00
   1.6624416e-01
   1.5660498e-01
  -5.4267532e-01
  -1.2602688e+00
  -3.0355165e+00
  -3.8852682e+00
  -3.9081802e+00
  -3.8442569e+00
  -4.3784099e+00
  -3.7863441e+00
  -4.4436612e+00
  -4.5178738e+00
  -4.6266479e+00
  -5.0116029e+00
  -5.1616945e+00
   1.7011595e-01
   3.5962588e-01
  -9.3666285e-01
  -2.0226915e+00
  -2.7523723e+00
  -2.7269101e+00
  -3.5938363e+00
  -3.9221363e+00
  -4.0011883e+00
   7.5803304e-01
   3.4628868e-01
  -3.9178116e+00
  -2.9553256e+00
  -2.7213044e+00
  -2.2163334e+00
  -3.3669133e+00
  -3.3816602e+00
  -3.3474784e+00
  -5.1300578e+00
  -1.7110802e+00
   1.9153584e+00
  -5.1885772e-01
  -1.0590785e+00
  -1.9153962e+00
  -2.9465225e+00
  -4.8591475e+00
  -6.0268941e+00
  -5.8823004e+00
  -5.6975222e+00
  -6.2343102e+00
  -5.5459785e+00
  -5.9353528e+00
  -6.1196384e+00
  -6.1197710e+00
  -6.7099366e+00
  -6.1226773e+00
   3.7140656e-01
   1.1921143e-01
  -8.1926674e-01
  -2.3216274e+00
  -4.0082006e+00
  -4.5055161e+00
  -5.4747910e+00
  -5.3896489e+00
  -4.3160815e+00
   1.4170771e+00
   3.1517109e-01
  -4.3425546e+00
  -4.3774467e+00
  -4.8404698e+00
  -4.2401395e+00
  -5.2460232e+00
  -5.3206263e+00
  -5.4196529e+00
  -7.9472213e+00
  -3.3059608e+00
   8.4593289e-01
  -2.6106337e+00
  -4.4360975e+00
  -5.3300005e+00
  -6.6074201e+00
  -7.9712592e+00
  -9.1315967e+00
  -8.5178719e+00
  -8.2409088e+00
  -8.9277361e+00
  -8.7232243e+00
  -8.5840008e+00
  -8.7434579e+00
  -8.5392270e+00
  -8.6589568e+00
  -5.9232327e+00
   9.5942185e-01
  -6.5491503e-01
  -4.7176328e-01
  -2.8021839e+00
  -6.5401435e+00
  -7.8913611e+00
  -8.2656887e+00
  -6.7804543e+00
  -2.7393707e+00
   3.3472970e+00
  -2.3560353e-01
  -4.7336255e+00
  -6.3956466e+00
  -7.9500871e+00
  -7.3201919e+00
  -7.7386017e+00
  -7.9560081e+00
  -8.1949945e+00
  -7.0590291e+00
  -3.2758551e+00
  -1.2021046e-01
  -3.1280353e+00
  -4.7275052e+00
  -5.3715363e+00
  -6.4588985e+00
  -7.3088546e+00
  -8.1531277e+00
  -7.8235617e+00
  -7.8234434e+00
  -8.3822794e+00
  -8.4657965e+00
  -8.3836832e+00
  -8.4939089e+00
  -8.2170534e+00
  -7.6868258e+00
  -4.6260815e+00
   3.4750763e-01
  -9.7344816e-01
  -5.9049600e-01
  -3.2333112e+00
  -6.9067516e+00
  -7.8701754e+00
  -8.1790133e+00
  -6.6770573e+00
  -2.2875354e+00
   2.7441578e+00
  -8.8516623e-01
  -4.6904230e+00
  -5.9232693e+00
  -6.9686623e+00
  -6.7394629e+00
  -7.3504896e+00
  -7.4871187e+00
  -7.3027134e+00
  -5.9486987e+00
  -3.2382200e+00
  -1.3279860e+00
  -3.7748393e+00
  -5.0917944e+00
  -5.4234586e+00
  -6.2732323e+00
  -6.4807839e+00
  -6.9299457e+00
  -6.9556040e+00
  -7.3015711e+00
  -7.7004068e+00
  -8.1439861e+00
  -8.1332669e+00
  -8.1819499e+00
  -7.8143039e+00
  -6.4715640e+00
  -3.0045124e+00
  -4.1744617e-01
  -1.3716461e+00
  -7.3892361e-01
  -3.7722626e+00
  -7.3650488e+00
  -7.8436913e+00
  -8.0706597e+00
  -6.5478001e+00
  -1.7226965e+00
   1.9901740e+00
  -1.6971845e+00
  -4.6364150e+00
  -5.3327506e+00
  -5.7417840e+00
  -6.0134943e+00
  -6.8653107e+00
  -6.9009599e+00
  -6.1872731e+00
  -3.3790629e+00
  -2.3649259e+00
  -2.2704213e+00
  -3.6198831e+00
  -4.1253700e+00
  -4.3897710e+00
  -5.0725517e+00
  -5.0711679e+00
  -5.2073936e+00
  -5.6475811e+00
  -6.0917501e+00
  -6.0499749e+00
  -6.2172828e+00
  -5.9691343e+00
  -5.8453650e+00
  -5.7149820e+00
  -4.7052126e+00
  -2.1880116e+00
  -1.6829762e+00
  -1.2851353e+00
  -1.1674976e+00
  -3.4623227e+00
  -5.5528717e+00
  -4.8517294e+00
  -4.9787073e+00
  -4.0475125e+00
  -2.8654957e-01
   1.4001166e+00
  -1.1444992e+00
  -3.5924070e+00
  -3.2245059e+00
  -2.5118599e+00
  -3.3144164e+00
  -4.2735209e+00
  -3.8700273e+00
  -3.1851964e+00
  -2.3965866e+00
  -2.0310304e+00
  -2.6307523e+00
  -3.5606377e+00
  -3.7558668e+00
  -3.9945502e+00
  -4.6134829e+00
  -4.5322140e+00
  -4.5487928e+00
  -5.1474705e+00
  -5.6291858e+00
  -5.4189484e+00
  -5.4806268e+00
  -5.1416985e+00
  -4.9519938e+00
  -4.9123260e+00
  -4.0298644e+00
  -1.8758301e+00
  -2.1668396e+00
  -1.2520588e+00
  -1.3313587e+00
  -3.3438196e+00
  -4.8600031e+00
  -3.7077807e+00
  -3.7965289e+00
  -3.0915514e+00
   2.6254777e-01
   1.1745137e+00
  -9.3318511e-01
  -3.1932401e+00
  -2.4184384e+00
  -1.2769288e+00
  -2.2824493e+00
  -3.2825754e+00
  -2.7111787e+00
  -2.0373805e+00
  -2.1211071e+00
  -2.5100188e+00
  -4.1422486e+00
  -5.0248098e+00
  -5.0896549e+00
  -5.7196183e+00
  -6.0700779e+00
  -6.1049299e+00
  -6.0075722e+00
  -6.3477974e+00
  -6.3118658e+00
  -5.9826856e+00
  -5.6057978e+00
  -4.6988130e+00
  -3.6955819e+00
  -3.3345411e+00
  -3.7142508e+00
  -3.0243163e+00
  -3.0621917e+00
  -2.2506518e+00
  -3.7144470e+00
  -4.1558566e+00
  -3.8884583e+00
  -1.1617019e+00
   1.6775637e+00
   2.2815368e+00
   3.5396729e+00
   2.5566506e+00
   7.9694462e-01
  -1.5669676e+00
  -1.8935875e+00
  -1.0463132e+00
  -1.4616587e+00
   4.1153364e-02
   8.9822471e-01
  -5.2571738e-01
  -2.3740373e+00
  -3.0580366e+00
  -4.8479071e+00
  -5.8972926e+00
  -5.9995527e+00
  -6.5251455e+00
  -6.6655645e+00
  -6.7295380e+00
  -6.7525191e+00
  -7.0608096e+00
  -6.9197807e+00
  -6.5888171e+00
  -6.2115288e+00
  -5.3603892e+00
  -4.0337100e+00
  -3.1205966e+00
  -3.5594201e+00
  -3.4297256e+00
  -3.5942073e+00
  -3.0104797e+00
  -4.5853939e+00
  -5.0320649e+00
  -4.6140146e+00
  -1.7651093e+00
   1.8520814e+00
   2.3405042e+00
   3.1805515e+00
   2.1370015e+00
   5.1085609e-01
  -1.4130281e+00
  -2.3312089e+00
  -1.7152846e+00
  -1.7145652e+00
   4.3561539e-01
   9.5745099e-01
  -6.8776381e-01
  -3.1470959e+00
  -4.6880203e+00
  -6.9093554e+00
  -8.4630084e+00
  -8.6833705e+00
  -8.8783576e+00
  -8.3975968e+00
  -8.5443974e+00
  -8.9344639e+00
  -9.1574116e+00
  -8.7215892e+00
  -8.3902300e+00
  -8.0300737e+00
  -7.3708284e+00
  -5.1043015e+00
  -2.5424066e+00
  -3.1064413e+00
  -4.6023426e+00
  -5.1586009e+00
  -5.2564709e+00
  -7.1080636e+00
  -7.6362614e+00
  -6.8391933e+00
  -3.6883440e+00
   2.1486556e+00
   2.2933940e+00
   1.9622640e+00
   8.1570462e-01
  -4.2285733e-01
  -1.0175319e+00
  -3.6707752e+00
  -3.7391138e+00
  -2.5103518e+00
   1.4843218e+00
   9.8486179e-01
  -1.2388683e+00
  -1.5129752e+00
  -3.9129891e+00
  -6.4798884e+00
  -8.5890617e+00
  -9.1922512e+00
  -9.2549458e+00
  -8.5996408e+00
  -8.8063221e+00
  -9.3660088e+00
  -9.5780592e+00
  -9.0653524e+00
  -8.7386427e+00
  -8.2649460e+00
  -7.7190218e+00
  -4.9284530e+00
  -1.1333393e+00
  -1.9285792e+00
  -4.7969995e+00
  -6.2385230e+00
  -6.2256727e+00
  -7.6262650e+00
  -8.4621696e+00
  -7.5757837e+00
  -5.2267485e+00
   6.0751870e-02
  -2.9096192e-01
  -7.0120549e-01
  -1.4666053e+00
  -1.9856799e+00
  -1.0536126e+00
  -3.6675992e+00
  -3.2306604e+00
  -1.5114251e+00
   2.0346913e+00
   4.8193347e-01
  -8.5767895e-02
  -5.6179979e-02
  -3.2220600e+00
  -6.0970248e+00
  -8.7014388e+00
  -9.6459103e+00
  -9.5906679e+00
  -8.7797618e+00
  -9.0398260e+00
  -9.7507247e+00
  -9.9530596e+00
  -9.3718112e+00
  -9.0492484e+00
  -8.4743303e+00
  -8.0294302e+00
  -4.7716864e+00
   1.2282452e-01
  -8.7853182e-01
  -4.9705329e+00
  -7.2012594e+00
  -7.0897025e+00
  -8.0882351e+00
  -9.1984552e+00
  -8.2324419e+00
  -6.5982139e+00
  -1.8005845e+00
  -2.5948786e+00
  -3.0756508e+00
  -3.5012520e+00
  -3.3789140e+00
  -1.0857781e+00
  -3.6647677e+00
  -2.7773810e+00
  -6.2089596e-01
   2.5253380e+00
   3.3579902e-02
   9.4220474e-01
   3.2815318e+00
  -4.5570552e-02
  -2.0030429e+00
  -4.6974015e+00
  -6.4405193e+00
  -7.1432400e+00
  -7.1820250e+00
  -7.4851542e+00
  -7.5458145e+00
  -7.4676752e+00
  -7.2833848e+00
  -7.5176220e+00
  -6.4775214e+00
  -5.5162082e+00
  -2.1290207e+00
   2.4530149e+00
  -4.3985069e-02
  -3.7536495e+00
  -5.0678892e+00
  -5.0723829e+00
  -5.7932067e+00
  -6.3131161e+00
  -5.6287436e+00
  -5.7608652e+00
  -3.2667799e+00
  -3.7710438e+00
  -3.6326594e+00
  -3.9589739e+00
  -3.4177756e+00
  -9.9775904e-01
  -2.0329709e+00
   2.5727773e-01
   1.8761020e+00
   3.3338196e+00
   1.6443834e+00
   5.2654338e+00
   3.6508727e+00
   3.9833224e-01
  -8.2365632e-01
  -2.9298477e+00
  -4.4749165e+00
  -5.3422170e+00
  -5.7789283e+00
  -6.1139989e+00
  -5.9633446e+00
  -5.9093609e+00
  -5.9494176e+00
  -6.3238730e+00
  -5.1681094e+00
  -4.0551372e+00
  -8.9501977e-01
   3.0761771e+00
  -2.1950118e-02
  -2.9867520e+00
  -3.5163336e+00
  -3.6380703e+00
  -4.2430749e+00
  -4.4857440e+00
  -4.1537304e+00
  -4.8560963e+00
  -3.1594179e+00
  -3.4719574e+00
  -3.2342422e+00
  -3.5247838e+00
  -2.8508928e+00
  -8.1357121e-01
  -1.3426771e+00
   1.1755505e+00
   2.3757920e+00
   3.4116340e+00
   2.5234878e+00
   6.5589747e+00
   2.5964698e+00
  -2.3644952e-01
   7.8124743e-01
   1.0900053e+00
   9.4009118e-01
  -9.7893508e-03
  -1.3906702e+00
  -1.8205662e+00
  -1.3192660e+00
  -1.5741083e+00
  -2.2086513e+00
  -2.7208507e+00
  -1.4559259e+00
  -1.2897521e-01
   2.0270740e+00
   3.7976678e+00
  -5.6614319e-01
  -8.4849342e-01
   1.0585790e+00
   5.5693878e-01
   2.0371595e-01
   6.2012936e-01
  -2.4047052e-01
  -1.8802531e+00
  -1.6204895e+00
  -1.3877192e+00
  -1.2226363e+00
  -1.4456459e+00
  -5.5956089e-01
  -1.4531938e-01
   1.7566048e-01
   2.5409601e+00
   2.4782765e+00
   3.1097462e+00
   4.8110912e+00
   8.4457236e+00
   1.0126752e+00
  -1.5297186e+00
   2.9243094e-01
   2.4341483e+00
   3.9315705e+00
   4.0280833e+00
   2.8275607e+00
   2.0416636e+00
   2.0409708e+00
   1.5235872e+00
   1.2516282e+00
   1.2902412e+00
   1.9846376e+00
   2.5593450e+00
   3.7975113e+00
   4.0546927e+00
  -2.9064643e-01
   5.6221187e-01
   2.8498969e+00
   2.7784066e+00
   3.0765305e+00
   3.5090320e+00
   2.4172342e+00
   7.3911875e-01
  -7.0798710e-02
  -6.3958786e-02
  -2.8348669e-01
  -1.6029523e-01
   9.6554518e-01
   8.7515181e-01
   1.2485719e+00
   2.4742148e+00
   1.8666718e+00
   2.5603802e+00
   5.0950384e+00
   7.3155961e+00
   3.2224762e-01
  -1.9135214e+00
   1.6463089e-01
   3.2011957e+00
   5.5481601e+00
   6.4251575e+00
   5.5469823e+00
   4.5757790e+00
   4.2464318e+00
   3.6469944e+00
   3.6548238e+00
   3.9847455e+00
   4.1873126e+00
   4.2129760e+00
   4.8570595e+00
   4.0964494e+00
  -1.2223804e-01
   1.3860375e+00
   3.7538981e+00
   4.0015187e+00
   4.7104869e+00
   5.1452413e+00
   4.1464367e+00
   2.5648718e+00
   9.8486972e-01
   8.7130553e-01
   5.0672752e-01
   8.8129443e-01
   1.9720986e+00
   1.5885026e+00
   1.9254274e+00
   2.2288373e+00
   1.4047515e+00
   2.1611662e+00
   4.9922643e+00
   6.3118367e+00
   2.1669639e+00
   8.4742736e-01
   1.3285465e+00
   2.8980115e+00
   4.2423506e+00
   6.1614800e+00
   6.7722387e+00
   6.0057683e+00
   5.4955541e+00
   5.4277448e+00
   5.8618189e+00
   5.9070481e+00
   5.0793429e+00
   4.4397620e+00
   4.8009211e+00
   3.3070927e+00
  -1.0634579e-01
   1.1988566e+00
   2.5256555e+00
   3.1896226e+00
   4.0245670e+00
   4.4074025e+00
   5.0287329e+00
   4.2813679e+00
   1.8296317e+00
   1.8264566e+00
   2.0674964e+00
   2.7391074e+00
   2.5778225e+00
   2.2716047e+00
   2.1336772e+00
   7.9887164e-01
   7.5565378e-01
   1.6875661e+00
   3.0821928e+00
   4.0652387e+00
   4.2591791e+00
   3.0865927e+00
   1.5986259e+00
   5.6902838e-01
   5.1356584e-02
   1.8852589e+00
   3.4015849e+00
   3.3703513e+00
   3.3114505e+00
   3.6654992e+00
   3.6699514e+00
   2.8841081e+00
   2.0630462e+00
   2.0002823e+00
   2.5731750e+00
   1.0361260e+00
  -1.2108486e+00
   4.2361623e-01
   1.3598249e+00
   9.2047459e-01
   3.5670233e-01
   6.1307132e-01
   2.4003596e+00
   2.7424695e+00
   1.2809683e+00
   1.6794019e+00
   2.6057122e+00
   3.1833487e+00
   1.6709764e+00
   1.2218912e+00
   6.8858099e-01
  -1.2681990e+00
  -2.8075230e-01
   1.3580960e+00
   1.8050188e+00
   3.3249502e+00
   4.6325421e+00
   2.9399657e+00
   3.4820431e-01
  -1.7871418e+00
  -2.8584232e+00
  -1.2212492e+00
   1.5839992e-01
   2.5807607e-01
   5.0175548e-01
   1.1756660e+00
   1.0801247e+00
   2.4285105e-01
  -3.2668814e-02
   4.7189939e-01
   9.4940126e-01
  -5.2170175e-01
  -1.7502023e+00
   1.8030694e-01
   8.6097008e-01
  -7.2740328e-01
  -2.3414836e+00
  -2.2222586e+00
  -1.9464639e-01
   8.0619776e-01
   4.4485211e-01
   7.6986885e-01
   1.7213752e+00
   2.2949829e+00
   2.2790201e-01
  -1.4409071e-01
  -4.1653687e-01
  -1.9930475e+00
  -7.4706507e-01
   1.1007986e+00
   1.2769125e+00
   2.9310117e+00
   3.3849192e+00
   8.5809112e-01
  -1.8390155e+00
  -3.6123776e+00
  -4.1079049e+00
  -3.0068283e+00
  -2.8927751e+00
  -3.2253642e+00
  -2.7718914e+00
  -1.7123997e+00
  -1.3576262e+00
  -1.4362041e+00
  -7.8854167e-01
   2.2841662e-02
   5.1886115e-02
  -1.1338109e+00
  -1.4067777e+00
   4.5484021e-01
   6.8346101e-01
  -1.8586965e+00
  -3.7772932e+00
  -3.6754127e+00
  -2.4021325e+00
  -1.3843054e+00
  -7.2056830e-01
  -7.7442992e-01
  -2.2062516e-01
   4.4010144e-01
  -1.5371841e+00
  -1.6586312e+00
  -1.0014352e+00
  -1.4021013e+00
  -5.9106100e-01
   8.2832396e-01
   1.1855053e+00
   2.5713842e+00
   1.1200712e+00
  -1.1665447e+00
  -2.3444088e+00
  -2.3694096e+00
  -1.8849462e+00
  -2.0613463e+00
  -3.9808433e+00
  -4.9665370e+00
  -4.2983532e+00
  -2.7052195e+00
  -1.1615010e+00
   3.2053482e-02
   1.1119400e+00
   1.1922847e+00
   4.9670687e-01
  -2.5701264e-02
   2.6044112e-01
   8.8112473e-01
  -6.1217908e-02
  -2.1961889e+00
  -2.4206769e+00
  -1.8451912e+00
  -2.2097669e+00
  -2.4842701e+00
  -1.9153018e+00
  -1.9678668e+00
  -1.3623168e+00
  -5.1592493e-01
  -2.1048093e+00
  -2.1450386e+00
  -3.9982623e-01
   3.4060496e-01
   2.7210873e-01
   3.7240905e-01
   8.2917368e-01
   1.6327208e+00
   1.8818562e-01
  -2.3670995e-01
   2.5814044e-01
   8.2598507e-01
   6.1174774e-01
  -8.1140810e-01
  -2.9837041e+00
  -3.5432417e+00
  -2.4792194e+00
  -1.1950042e+00
   1.7546660e-01
   1.2903936e+00
   1.6860738e+00
   9.2730731e-01
  -6.3905984e-02
  -1.4243814e-01
   2.5050994e-02
  -6.4771563e-01
  -2.1959682e+00
  -2.7609055e+00
  -1.1411594e+00
   1.6496944e-01
  -7.8857595e-01
  -2.4704993e+00
  -2.7548585e+00
  -2.0010111e+00
  -2.9021552e-01
   7.9309350e-01
  -7.9808378e-01
  -1.5902154e+00
  -3.6540201e-01
   8.3204925e-01
   3.7047315e-01
  -3.4794727e-01
  -9.2258163e-02
   4.0625146e-01
   1.7975123e-01
   3.9988905e-01
   8.1192350e-01
   8.0781674e-01
   1.6970277e-01
  -7.6167297e-01
  -1.3100731e+00
  -1.0808271e+00
  -5.3159946e-01
  -2.4022827e-01
  -8.8124894e-02
   1.1246701e-01
   9.4423413e-02
  -4.5708084e-01
  -1.1836503e+00
  -1.4873388e+00
  -1.6675924e+00
  -2.2738774e+00
  -2.9535356e+00
  -2.9368811e+00
  -1.2700222e+00
   4.5115834e-01
   4.1966802e-01
  -9.8236597e-01
  -1.5931011e+00
  -1.3093871e+00
  -7.5134981e-01
  -1.3140143e-01
  -8.2454282e-01
  -1.5736526e+00
  -1.2462091e+00
  -7.0295942e-01
  -6.7815065e-01
  -6.0803300e-01
  -2.5411773e-01
   6.0882729e-02
  -1.0565493e+00
  -1.0515249e+00
  -9.9698356e-01
  -9.6600009e-01
  -9.5056256e-01
  -8.3248454e-01
  -5.4669894e-01
  -3.0799050e-01
  -3.0124590e-01
  -5.1622687e-01
  -7.8305243e-01
  -9.1103397e-01
  -9.4716497e-01
  -9.7607083e-01
  -9.9254147e-01
  -9.2657723e-01
  -8.1710546e-01
  -7.3651299e-01
  -5.9471996e-01
  -2.7291503e-01
   5.7078030e-01
   1.4774131e+00
   1.9558560e+00
   1.7073833e+00
   8.7050074e-01
   9.2601007e-02
  -4.8749734e-01
  -8.4232044e-01
  -9.9920887e-01
  -1.0553517e+00
  -1.1055830e+00
  -1.1934026e+00
  -1.3042477e+00
  -1.3246139e+00
  -1.2148302e+00
  -1.0997237e+00
