   1.3803756e+00
   3.2637398e+00
   4.3902826e+00
   4.8766904e+00
   4.7827678e+00
   4.0199289e+00
   2.4788520e+00
   5.6964904e-01
  -1.0448805e+00
  -1.9766196e+00
  -3.0722220e+00
  -3.8123112e+00
  -3.5137525e+00
  -3.0533955e+00
  -2.6552525e+00
  -2.4376912e+00
  -2.4008517e+00
  -2.4026334e+00
  -2.3939278e+00
  -2.4715354e+00
  -2.7035346e+00
  -3.2365832e+00
  -4.1586742e+00
  -4.8689470e+00
  -4.8499732e+00
  -4.3769813e+00
  -3.6866217e+00
  -2.9286439e+00
  -2.1842766e+00
  -1.7694929e+00
  -1.9268949e+00
  -2.6331816e+00
  -3.4629884e+00
  -3.6083353e+00
  -2.6198757e+00
  -7.6293290e-01
   2.1453901e-01
   1.3020806e+00
   1.6784071e+00
   1.6772966e+00
   1.3108681e+00
   3.3214167e-01
  -9.9538004e-01
  -1.7879171e+00
  -1.8099978e+00
  -1.3255799e+00
  -6.1210209e-01
  -2.1563743e-01
  -4.5043853e-01
  -9.6992886e-01
  -1.1976568e+00
  -1.2302811e+00
  -1.2920420e+00
  -1.1882561e+00
  -7.8581041e-01
  -1.9241564e-02
   6.4522821e-01
   6.0533249e-01
  -1.6366208e-01
  -1.1518620e+00
  -2.0205607e+00
  -2.6441362e+00
  -3.2021935e+00
  -3.4568689e+00
  -3.0845900e+00
  -2.2486622e+00
  -1.2064708e+00
  -1.1545649e+00
  -2.0989690e+00
  -2.8699727e+00
  -2.5452881e+00
  -1.2946421e+00
  -1.4931270e-01
   5.7568356e-02
  -5.2984931e-02
  -2.8141814e-01
  -5.9806275e-01
  -1.2893767e+00
  -2.1542261e+00
  -2.4972382e+00
  -2.2987845e+00
  -2.0049775e+00
  -1.6768899e+00
  -1.7204077e+00
  -2.0727220e+00
  -2.0854175e+00
  -1.7406230e+00
  -1.7232933e+00
  -1.8913029e+00
  -1.7066975e+00
  -1.3904490e+00
  -8.5580093e-01
  -3.4967873e-02
   7.8810103e-02
  -5.8138663e-01
  -1.2724054e+00
  -1.6256825e+00
  -1.3941865e+00
  -7.5300175e-01
  -3.4894228e-01
  -3.0762687e-01
  -1.6044602e-01
   1.5566559e-01
  -1.8947577e-01
  -9.8425210e-01
  -1.2428970e+00
  -9.9106514e-01
  -5.6040573e-01
  -2.4772620e+00
  -2.9804153e+00
  -3.0881677e+00
  -3.1534121e+00
  -2.9491758e+00
  -2.4776468e+00
  -2.2930007e+00
  -2.3099778e+00
  -2.5305452e+00
  -2.9622223e+00
  -3.1195927e+00
  -3.3821716e+00
  -3.2760417e+00
  -2.4101067e+00
  -1.5798486e+00
  -1.9099171e+00
  -2.6408224e+00
  -2.5474582e+00
  -2.2685671e+00
  -2.3207164e+00
  -1.3838317e+00
  -7.6987606e-01
  -1.2376729e+00
  -1.2007329e+00
  -1.1900834e+00
  -1.3833803e+00
  -7.8738409e-01
  -3.1459522e-01
  -5.7316232e-01
  -1.1702936e+00
  -1.7297738e+00
  -2.5697684e+00
  -3.2631755e+00
  -2.8771362e+00
  -2.2635345e+00
  -2.0852141e+00
  -1.6972022e+00
  -2.1339262e+00
  -1.9978685e+00
  -1.8533093e+00
  -1.6053951e+00
  -1.1671187e+00
  -8.3893436e-01
  -8.2215428e-01
  -1.2295225e+00
  -1.8019077e+00
  -1.6825916e+00
  -1.9192218e+00
  -1.9201822e+00
  -1.2799424e+00
  -2.1397313e-01
   4.4755033e-01
   2.0036559e-01
   7.6587275e-02
  -1.0701272e-01
  -1.3760358e+00
  -1.2658730e+00
  -1.5398450e-01
  -1.7964402e-01
   7.7223015e-01
   1.2573998e+00
   6.8773746e-01
   9.7227669e-01
   1.1492622e+00
   9.0200245e-01
  -2.1913931e-02
  -6.8936211e-01
  -1.1642238e+00
  -1.5039974e+00
  -1.1536257e+00
  -1.0394919e+00
  -1.2087966e+00
   1.8495705e+00
   1.5831838e+00
   1.3674462e+00
   1.2796004e+00
   1.4546759e+00
   1.3631911e+00
   1.6258944e+00
   1.9554317e+00
   1.9740112e+00
   1.5627047e+00
   1.9997177e+00
   1.9537729e+00
   1.7712443e+00
   1.6509407e+00
   2.6012208e+00
   3.9304054e+00
   4.1493502e+00
   3.6872079e+00
   3.1636362e+00
   1.3178195e+00
   5.4338288e-01
   2.2272124e+00
   2.7044811e+00
   3.7022734e+00
   4.2212563e+00
   4.0140886e+00
   4.3758616e+00
   3.9240720e+00
   3.5296311e+00
   2.5806785e+00
   2.3925080e+00
   2.7147546e+00
   2.8923650e+00
   3.0819793e+00
   2.6007371e+00
   2.1489406e+00
   5.3191752e+00
   4.8755689e+00
   3.9117081e+00
   3.3717427e+00
   3.6030216e+00
   3.1352954e+00
   3.5284679e+00
   4.2171354e+00
   4.8164349e+00
   4.6633229e+00
   5.3857636e+00
   5.6060810e+00
   5.3812122e+00
   4.6650248e+00
   5.4494805e+00
   6.6304436e+00
   6.9825625e+00
   6.1047249e+00
   5.2879643e+00
   3.5591824e+00
   2.1471710e+00
   4.2764535e+00
   5.2063479e+00
   5.9408240e+00
   6.2842765e+00
   6.5555768e+00
   6.8170400e+00
   5.5887370e+00
   5.0776472e+00
   4.3009119e+00
   4.9099607e+00
   6.0277996e+00
   6.6536937e+00
   6.7970080e+00
   6.1253705e+00
   5.5978036e+00
   8.2689622e+00
   7.0909343e+00
   4.9425285e+00
   3.7554301e+00
   4.2676067e+00
   3.7117259e+00
   4.5867967e+00
   5.5901884e+00
   6.8259607e+00
   7.0410091e+00
   8.1278866e+00
   8.7170376e+00
   8.6176626e+00
   7.6017016e+00
   8.2845183e+00
   8.3474559e+00
   8.4845690e+00
   7.0303811e+00
   5.8004817e+00
   4.8833934e+00
   2.9899375e+00
   5.4048331e+00
   6.8054709e+00
   7.2508504e+00
   7.3246061e+00
   7.9793961e+00
   7.6018767e+00
   5.3302504e+00
   4.8460838e+00
   4.4864200e+00
   6.3292087e+00
   8.2703263e+00
   9.2751183e+00
   9.5368525e+00
   9.2216378e+00
   8.8712215e+00
   6.3896360e+00
   5.0014114e+00
   3.2001090e+00
   2.0606651e+00
   3.3441565e+00
   3.1111929e+00
   4.0274057e+00
   4.1344304e+00
   4.9132066e+00
   5.0582743e+00
   6.0697575e+00
   6.5875483e+00
   6.4505081e+00
   5.3559537e+00
   6.0910840e+00
   5.5391521e+00
   5.9244027e+00
   4.1728392e+00
   2.9225798e+00
   2.9643111e+00
   7.5569320e-01
   2.1667652e+00
   3.7333384e+00
   4.7277384e+00
   4.6925530e+00
   4.3296032e+00
   2.6804225e+00
   1.3421968e+00
   1.8911657e+00
   1.4483597e+00
   3.9827647e+00
   5.8650408e+00
   6.7592497e+00
   6.9324512e+00
   7.1863093e+00
   7.2973685e+00
   3.8567317e+00
   3.3781400e+00
   2.5453150e+00
   1.3759251e+00
   2.7927086e+00
   2.5720456e+00
   3.1673217e+00
   2.6425436e+00
   2.8487227e+00
   2.6709328e+00
   3.3857756e+00
   3.8388081e+00
   3.8358219e+00
   2.6732020e+00
   3.1858985e+00
   2.6470981e+00
   3.1279848e+00
   1.4703326e+00
   1.3558896e+00
   1.8664979e+00
  -3.3913425e-01
   3.3830243e-01
   1.5678635e+00
   2.6070223e+00
   2.1830056e+00
   1.2186999e+00
  -5.0961453e-01
  -8.6982250e-03
   8.2642293e-01
  -2.9125255e-01
   2.0149558e+00
   3.5396233e+00
   4.2301359e+00
   4.1024542e+00
   4.2270174e+00
   4.4151449e+00
  -2.0535463e-01
   1.0590554e+00
   1.8986786e+00
   6.5882808e-01
   2.0734714e+00
   1.7717799e+00
   1.7626931e+00
   3.6197034e-01
  -3.3981724e-01
  -1.0898286e+00
  -8.9717863e-01
  -5.4051712e-01
  -2.8448420e-01
  -1.5472455e+00
  -1.4610597e+00
  -1.7782454e+00
  -1.2008738e+00
  -2.5900612e+00
  -6.0583648e-01
   4.6056037e-01
  -1.6383768e+00
  -1.9899538e+00
  -1.4344357e+00
  -4.8911701e-01
  -1.5943675e+00
  -3.3395636e+00
  -4.8053245e+00
  -1.2164810e+00
  -1.8600536e-01
  -2.5200693e+00
  -8.5626057e-01
   2.8600521e-02
   3.7941643e-01
  -2.7405124e-01
  -5.7037084e-01
  -3.8846108e-01
  -4.2214451e+00
  -3.1455183e-01
   2.1593130e+00
  -2.9388922e-01
  -4.3561074e-01
  -1.4387032e+00
  -2.1210611e+00
  -3.3375688e+00
  -4.5218134e+00
  -5.4346399e+00
  -5.6105452e+00
  -5.0847259e+00
  -4.2878628e+00
  -5.1307335e+00
  -5.6759539e+00
  -5.7848577e+00
  -5.9520192e+00
  -5.7624493e+00
   1.1419225e-01
   3.3524525e-01
  -1.0592117e+00
  -1.9769596e+00
  -3.2812667e+00
  -3.4170117e+00
  -4.6960430e+00
  -5.7092748e+00
  -4.8387032e+00
   9.3932056e-01
   1.1086792e-01
  -3.5793834e+00
  -3.3235805e+00
  -3.7587380e+00
  -3.5453877e+00
  -4.2983403e+00
  -5.0277619e+00
  -5.2593904e+00
  -5.6456146e+00
  -9.3413913e-01
   2.0518703e+00
  -8.1690371e-01
  -1.6219563e+00
  -2.8714535e+00
  -3.7272055e+00
  -4.7786489e+00
  -6.0846143e+00
  -6.9781384e+00
  -7.2802720e+00
  -6.7390599e+00
  -5.8678293e+00
  -6.5126610e+00
  -7.2288485e+00
  -7.2272453e+00
  -7.5470648e+00
  -6.5757017e+00
   4.5002213e-01
   2.0688082e-01
  -8.2343048e-01
  -2.0144784e+00
  -4.1216450e+00
  -4.6818542e+00
  -5.8722153e+00
  -6.3824320e+00
  -4.5177140e+00
   1.7244245e+00
   7.9036966e-02
  -4.0018945e+00
  -4.3179116e+00
  -5.2538280e+00
  -5.0984297e+00
  -5.8248935e+00
  -6.6040306e+00
  -6.9084730e+00
  -7.2899188e+00
  -2.3581015e+00
   8.5880927e-01
  -2.4111378e+00
  -4.5779896e+00
  -6.0995530e+00
  -6.8059229e+00
  -7.1333246e+00
  -8.3157861e+00
  -8.7749795e+00
  -9.1989541e+00
  -8.8784821e+00
  -8.5494134e+00
  -8.7027736e+00
  -9.3332008e+00
  -9.0080009e+00
  -8.9084196e+00
  -5.8473534e+00
   1.2683041e+00
  -3.9020971e-01
  -3.8860661e-01
  -2.2831152e+00
  -6.0838840e+00
  -7.3540097e+00
  -7.6381259e+00
  -6.2654553e+00
  -2.3669580e+00
   2.7411829e+00
  -6.9104399e-01
  -4.7403559e+00
  -6.1044489e+00
  -7.7932148e+00
  -7.7539535e+00
  -8.1194646e+00
  -8.4004412e+00
  -8.3940534e+00
  -6.3856983e+00
  -2.6886067e+00
  -1.3883209e-01
  -2.7073772e+00
  -4.5391636e+00
  -5.6326246e+00
  -6.1582408e+00
  -6.4960494e+00
  -7.6255727e+00
  -7.9829597e+00
  -8.5151892e+00
  -8.4698124e+00
  -8.5182295e+00
  -8.5905571e+00
  -9.0201149e+00
  -8.5725632e+00
  -7.7669163e+00
  -4.4302611e+00
   6.2176812e-01
  -9.5122278e-01
  -5.8982903e-01
  -2.7910376e+00
  -6.6525307e+00
  -7.5320177e+00
  -7.7263827e+00
  -6.2490525e+00
  -2.2749729e+00
   1.6992323e+00
  -1.3317252e+00
  -4.8391891e+00
  -5.9202199e+00
  -7.2703238e+00
  -7.5004063e+00
  -7.9444933e+00
  -7.8666425e+00
  -7.2810669e+00
  -5.2553324e+00
  -3.1017710e+00
  -1.3859831e+00
  -3.0777053e+00
  -4.4906283e+00
  -5.0489189e+00
  -5.3485747e+00
  -5.6993904e+00
  -6.7627370e+00
  -6.9928563e+00
  -7.6604165e+00
  -7.9589357e+00
  -8.4792473e+00
  -8.4502741e+00
  -8.6287270e+00
  -8.0282230e+00
  -6.3399233e+00
  -2.6587542e+00
  -1.8646600e-01
  -1.6525448e+00
  -8.4137710e-01
  -3.4259916e+00
  -7.3633952e+00
  -7.7545462e+00
  -7.8367118e+00
  -6.2285469e+00
  -2.1599823e+00
   3.9669001e-01
  -2.1326405e+00
  -4.9627392e+00
  -5.6899154e+00
  -6.6166570e+00
  -7.1834472e+00
  -7.7257602e+00
  -7.1993396e+00
  -5.8897212e+00
  -2.7041769e+00
  -2.1663203e+00
  -2.0474765e+00
  -3.2371652e+00
  -4.0146060e+00
  -4.1976643e+00
  -4.5244699e+00
  -4.9392915e+00
  -5.5534983e+00
  -5.7117543e+00
  -6.3074312e+00
  -6.4443102e+00
  -6.4676895e+00
  -6.0049071e+00
  -6.0215797e+00
  -5.9842143e+00
  -4.7613716e+00
  -2.1374967e+00
  -1.6963310e+00
  -1.5972626e+00
  -1.1566528e+00
  -3.1430371e+00
  -5.7648020e+00
  -5.0553789e+00
  -5.0566764e+00
  -4.1395226e+00
  -8.5567939e-01
   3.3249125e-01
  -1.5367799e+00
  -4.0548735e+00
  -3.6652369e+00
  -3.3810797e+00
  -4.0310826e+00
  -4.6518707e+00
  -3.9243240e+00
  -2.9536433e+00
  -1.7287664e+00
  -1.8086595e+00
  -2.3003921e+00
  -3.2981335e+00
  -3.8326034e+00
  -3.8721955e+00
  -4.2093809e+00
  -4.6486741e+00
  -5.0911572e+00
  -5.2219371e+00
  -5.7901295e+00
  -5.8652083e+00
  -5.6985891e+00
  -5.0699434e+00
  -5.0247611e+00
  -5.2027066e+00
  -4.1578267e+00
  -1.9381987e+00
  -2.2736138e+00
  -1.5761259e+00
  -1.2771954e+00
  -3.0348524e+00
  -5.1535951e+00
  -4.0233781e+00
  -3.9937555e+00
  -3.3408044e+00
  -3.5699142e-01
   3.0794549e-01
  -1.3089581e+00
  -3.7077595e+00
  -2.8911204e+00
  -2.1439870e+00
  -2.8258057e+00
  -3.4765975e+00
  -2.6721531e+00
  -1.8310616e+00
  -1.4147233e+00
  -2.2545991e+00
  -4.0097189e+00
  -5.3641376e+00
  -5.9308705e+00
  -6.5232105e+00
  -6.8253045e+00
  -6.8947783e+00
  -6.6548910e+00
  -6.5601597e+00
  -6.4411535e+00
  -5.9542871e+00
  -5.0910578e+00
  -3.9081683e+00
  -3.0699706e+00
  -3.5060923e+00
  -4.0461903e+00
  -3.5700231e+00
  -3.4555650e+00
  -1.9733400e+00
  -3.3448374e+00
  -3.9377475e+00
  -4.0127816e+00
  -1.4215190e+00
   1.2581609e+00
   1.7877604e+00
   3.2209477e+00
   2.3844526e+00
   2.0097372e-01
  -2.0930612e+00
  -1.8286650e+00
  -5.4192728e-01
  -3.9598572e-01
   1.2747734e+00
   2.2450445e+00
   3.6637253e-01
  -1.7118446e+00
  -2.8684583e+00
  -4.8579392e+00
  -6.1776743e+00
  -6.6492462e+00
  -7.2328424e+00
  -7.4052401e+00
  -7.4937215e+00
  -7.3464022e+00
  -7.2354422e+00
  -6.9762239e+00
  -6.4907117e+00
  -5.7264857e+00
  -4.5959964e+00
  -3.3914783e+00
  -3.4061091e+00
  -3.9877810e+00
  -3.9867027e+00
  -3.9734120e+00
  -2.7127471e+00
  -4.2754941e+00
  -4.8451414e+00
  -4.6378441e+00
  -1.9023490e+00
   1.4324232e+00
   1.8059996e+00
   2.7997525e+00
   1.8254211e+00
  -8.4570080e-02
  -1.8180772e+00
  -2.1691616e+00
  -1.0525903e+00
  -4.7986120e-01
   1.7795049e+00
   2.4178658e+00
   3.2155862e-01
  -2.6195689e+00
  -4.6980628e+00
  -7.3403523e+00
  -8.5407455e+00
  -8.7244510e+00
  -9.2586120e+00
  -9.0419781e+00
  -9.2031499e+00
  -9.3630744e+00
  -9.2126781e+00
  -8.5600319e+00
  -8.1020922e+00
  -7.6650759e+00
  -6.7155321e+00
  -4.4412266e+00
  -3.1760099e+00
  -3.8165876e+00
  -5.1730432e+00
  -5.4831633e+00
  -4.9223985e+00
  -6.9911313e+00
  -7.5394336e+00
  -6.5675250e+00
  -3.4588515e+00
   1.7375176e+00
   1.6464869e+00
   1.3819923e+00
   5.5429594e-02
  -1.0074369e+00
  -1.0576472e+00
  -3.2387740e+00
  -2.6571136e+00
  -8.3399204e-01
   3.1005278e+00
   2.7326162e+00
   9.4753132e-02
  -1.0104867e+00
  -4.0347557e+00
  -7.4269300e+00
  -8.9355812e+00
  -9.0489254e+00
  -9.2983103e+00
  -9.0555592e+00
  -9.4147806e+00
  -9.7727098e+00
  -9.5025291e+00
  -8.7402744e+00
  -8.5759525e+00
  -8.2916203e+00
  -7.3457842e+00
  -4.5348768e+00
  -2.2279196e+00
  -3.1275120e+00
  -5.7530298e+00
  -6.9792299e+00
  -6.6420650e+00
  -7.9919629e+00
  -8.3739233e+00
  -7.2106314e+00
  -4.8102436e+00
  -1.3859476e-01
  -8.9218736e-01
  -1.5049767e+00
  -2.5049179e+00
  -2.2430060e+00
  -7.0526493e-01
  -3.1987755e+00
  -2.6080234e+00
  -3.0563861e-01
   3.1410615e+00
   1.2468625e+00
   6.2889189e-01
   4.2398696e-01
  -3.4434270e+00
  -7.5041132e+00
  -9.2875715e+00
  -9.3381899e+00
  -9.3337015e+00
  -9.0676654e+00
  -9.6034463e+00
  -1.0137893e+01
  -9.7609269e+00
  -8.9009576e+00
  -8.9983922e+00
  -8.8501766e+00
  -7.9076441e+00
  -4.6183640e+00
  -1.3827106e+00
  -2.5132112e+00
  -6.2700806e+00
  -8.3129517e+00
  -8.1751228e+00
  -8.8841902e+00
  -9.1178567e+00
  -7.7839523e+00
  -6.0149909e+00
  -1.8111222e+00
  -3.1553794e+00
  -4.0786690e+00
  -4.7874313e+00
  -3.3444984e+00
  -3.9112099e-01
  -3.1631178e+00
  -2.5642602e+00
   1.6538089e-01
   3.1771964e+00
  -7.7665846e-02
   1.1050692e+00
   3.9986141e+00
  -5.3870642e-01
  -4.1043468e+00
  -6.3770866e+00
  -7.0804243e+00
  -7.2960386e+00
  -7.9995327e+00
  -8.6506805e+00
  -8.5808287e+00
  -7.6911736e+00
  -6.8985367e+00
  -7.6079054e+00
  -7.1312480e+00
  -5.7067690e+00
  -2.0703573e+00
   1.3076245e+00
  -1.7064151e+00
  -5.9886427e+00
  -7.6466665e+00
  -7.8041925e+00
  -7.6731496e+00
  -6.9788637e+00
  -5.9501648e+00
  -5.6852579e+00
  -2.9705646e+00
  -3.9125390e+00
  -4.4018989e+00
  -4.7847142e+00
  -3.0023122e+00
  -2.0772408e-01
  -1.6093675e+00
  -2.8662056e-01
   1.9881933e+00
   3.5487430e+00
   3.4037378e-01
   4.5876331e+00
   4.3786068e+00
  -1.8073598e-01
  -2.8943176e+00
  -4.7575059e+00
  -5.4415021e+00
  -5.8094974e+00
  -6.9108095e+00
  -7.5767970e+00
  -7.3209791e+00
  -6.4290471e+00
  -5.7871189e+00
  -6.6075878e+00
  -6.0060210e+00
  -4.4486461e+00
  -8.6608255e-01
   2.2450225e+00
  -1.4197717e+00
  -5.2370543e+00
  -6.2904472e+00
  -6.6683564e+00
  -6.4870901e+00
  -5.6544137e+00
  -4.9533477e+00
  -5.0801048e+00
  -2.8275249e+00
  -3.4637988e+00
  -3.8569942e+00
  -4.1593795e+00
  -2.4416540e+00
  -9.8037861e-02
  -9.5049077e-01
   5.2421057e-01
   2.3878248e+00
   3.6696053e+00
   1.1836907e+00
   5.7901502e+00
   3.1872546e+00
  -9.5254624e-01
  -6.4132774e-01
  -4.9978284e-01
  -6.1221236e-01
  -1.4215032e+00
  -3.3757757e+00
  -4.0135951e+00
  -3.4734771e+00
  -2.9607891e+00
  -2.8691999e+00
  -3.6694620e+00
  -2.8182702e+00
  -1.0956757e+00
   2.0091000e+00
   3.9475475e+00
  -8.8714055e-01
  -2.4513425e+00
  -1.3837154e+00
  -2.4172581e+00
  -2.6719240e+00
  -1.9899263e+00
  -2.3649574e+00
  -2.9152598e+00
  -1.3785865e+00
  -1.0998005e+00
  -1.4379654e+00
  -1.6663145e+00
  -4.6377624e-01
   2.0070580e-01
   5.0160426e-01
   2.0343141e+00
   2.6017189e+00
   3.8704311e+00
   4.2319386e+00
   7.9504557e+00
   8.2810301e-01
  -2.4502101e+00
  -5.4294348e-01
   1.4339604e+00
   2.4813592e+00
   2.0172038e+00
   6.1710495e-01
   1.3333213e-01
   2.7049178e-01
   1.1465746e-01
  -1.2394863e-01
  -3.1053898e-01
   2.9658678e-01
   1.2101187e+00
   3.3889217e+00
   4.2055049e+00
  -1.2020332e-01
   2.7071321e-01
   2.3928380e+00
   1.8814552e+00
   1.3720751e+00
   9.3152881e-01
   4.0296435e-02
  -4.2525870e-01
  -3.7092648e-02
   1.1387725e-01
  -4.6720785e-01
  -4.8501223e-01
   8.4060961e-01
   1.3062712e+00
   1.7317197e+00
   2.3571863e+00
   2.1289256e+00
   3.5569520e+00
   5.6293736e+00
   7.2476673e+00
  -4.5372212e-01
  -3.0265338e+00
  -3.5762933e-01
   2.6259890e+00
   4.3403087e+00
   4.2377639e+00
   3.4732096e+00
   3.1645846e+00
   3.0469065e+00
   2.4923854e+00
   2.0182235e+00
   2.1925030e+00
   2.5151539e+00
   2.7407079e+00
   4.1988831e+00
   4.2128139e+00
   3.2457426e-01
   1.9659287e+00
   4.7529712e+00
   4.7793388e+00
   4.1694007e+00
   2.9380405e+00
   1.8017257e+00
   1.3771462e+00
   8.7430865e-01
   9.8180777e-01
   3.6269790e-01
   5.1444066e-01
   1.7887428e+00
   2.1463475e+00
   2.5010574e+00
   2.3348756e+00
   1.7119752e+00
   3.2568572e+00
   6.2795968e+00
   6.5338230e+00
   5.2766160e-01
  -7.4845290e-01
   5.2063398e-01
   2.8068961e+00
   4.2948440e+00
   5.2622799e+00
   6.5985924e+00
   6.8633717e+00
   6.6631030e+00
   6.1395530e+00
   5.4113441e+00
   5.5216046e+00
   4.8871295e+00
   3.7177710e+00
   4.0448773e+00
   3.1793989e+00
   2.0120618e-01
   2.3407913e+00
   5.3302711e+00
   6.9103487e+00
   6.6701460e+00
   4.6447611e+00
   3.9698981e+00
   3.4747137e+00
   1.5885634e+00
   1.9303192e+00
   2.0672903e+00
   2.5158997e+00
   2.9150468e+00
   3.3551538e+00
   2.6931745e+00
   8.2210077e-01
   7.9284939e-01
   2.4826352e+00
   4.9380042e+00
   4.5118562e+00
   3.2054498e+00
   2.0659604e+00
   1.3906366e+00
   1.7860065e+00
   2.1524451e+00
   3.3445356e+00
   5.3896976e+00
   5.8385143e+00
   5.8851118e+00
   6.0170217e+00
   5.4960985e+00
   4.9896984e+00
   3.7537887e+00
   2.4397187e+00
   2.6801510e+00
   1.7029041e+00
  -5.5855268e-01
   1.2686701e+00
   3.6887386e+00
   4.7155232e+00
   3.9670174e+00
   2.4488752e+00
   2.4552827e+00
   2.2092354e+00
   1.2182137e+00
   2.2253375e+00
   3.0760136e+00
   3.4824829e+00
   2.5166652e+00
   2.1147623e+00
   5.7906687e-01
  -1.7426271e+00
  -3.6758399e-01
   2.0222239e+00
   3.5554790e+00
   4.1001000e+00
   4.4149389e+00
   2.9472933e+00
   1.2707088e+00
   6.2615919e-01
   3.1498536e-01
   1.2695303e+00
   2.7932615e+00
   2.8947334e+00
   3.1775284e+00
   4.0017977e+00
   3.9457414e+00
   3.3051651e+00
   2.2311668e+00
   1.4698694e+00
   1.7883645e+00
   6.7656887e-01
  -9.7885931e-01
   7.5528282e-01
   2.5871117e+00
   2.2095833e+00
   6.5040624e-01
  -1.3873814e-01
   4.9910569e-01
   6.5448523e-01
   7.0161891e-01
   1.6758213e+00
   2.4134326e+00
   2.8249652e+00
   1.2111865e+00
   3.6050278e-01
  -1.0282454e+00
  -2.6166291e+00
  -7.2497547e-01
   1.6811385e+00
   2.6762993e+00
   3.8761463e+00
   4.0670042e+00
   2.0576046e+00
   2.8378826e-01
  -6.4156866e-01
  -1.3138105e+00
  -1.1492782e+00
  -1.2277070e+00
  -1.7429774e+00
  -1.0954505e+00
   4.5810995e-01
   1.1190705e+00
   8.7481862e-01
   6.7137289e-01
   9.2840481e-01
   1.2791678e+00
   4.7705462e-03
  -9.9453074e-01
   7.3717237e-01
   1.7908134e+00
  -5.6713045e-01
  -2.8821912e+00
  -2.6364965e+00
  -1.4904851e+00
  -9.4827175e-01
   3.1071473e-03
   3.0151433e-01
   3.1469437e-01
   7.8685445e-01
  -7.9930246e-01
  -1.6034310e+00
  -1.7936084e+00
  -1.7906094e+00
  -2.4659562e-01
   1.3143977e+00
   1.9661354e+00
   3.4555137e+00
   1.8755524e+00
   1.9452639e-02
  -7.8629422e-01
  -1.1894420e+00
  -1.9895062e+00
  -3.0340331e+00
  -4.6646280e+00
  -5.1397653e+00
  -3.8766203e+00
  -2.0400290e+00
  -8.7065172e-01
  -2.6989684e-01
   5.3897023e-01
   1.1976267e+00
   1.0114363e+00
  -2.5318909e-01
  -4.4887674e-01
   1.0020466e+00
   9.6601158e-01
  -2.3224082e+00
  -3.9984467e+00
  -2.6867812e+00
  -1.6304439e+00
  -1.3972323e+00
  -8.4334522e-01
  -1.2852459e+00
  -1.5907897e+00
  -9.5045871e-01
  -1.9328153e+00
  -2.0777066e+00
  -5.5057895e-01
   6.1064214e-01
   9.8478425e-01
   7.4957657e-01
   1.0361238e+00
   2.1100869e+00
   3.1681210e-01
  -4.8872671e-01
  -3.6624652e-01
  -4.1666287e-01
  -1.2898034e+00
  -2.6191583e+00
  -3.6925416e+00
  -3.4106491e+00
  -2.1547620e+00
  -1.2008401e+00
  -6.8113405e-01
  -4.1865237e-02
   4.9325100e-01
   3.2152909e-01
  -4.1123393e-01
  -8.1409478e-01
  -2.7331886e-01
   2.1213353e-01
  -1.0301282e+00
  -3.1646447e+00
  -3.0290623e+00
  -1.1830428e+00
  -6.5856701e-01
  -1.5643307e+00
  -2.0227683e+00
  -1.7514939e+00
  -7.0859796e-01
   3.0269051e-01
  -6.6333419e-01
  -1.1533468e+00
   1.8186377e-01
   1.5522412e+00
   1.2156348e+00
   3.2887563e-01
   3.6666888e-01
   7.7910841e-01
  -2.6361665e-01
  -4.5494765e-01
  -2.4149999e-01
  -2.3236430e-01
  -6.1980021e-01
  -1.0142285e+00
  -9.8922032e-01
  -7.3358917e-01
  -7.3023355e-01
  -1.0666835e+00
  -1.3588771e+00
  -1.1277549e+00
  -9.3628353e-01
  -1.1392308e+00
  -1.2958937e+00
  -8.1050599e-01
  -3.6234391e-01
  -9.1258395e-01
  -2.2629828e+00
  -2.9432728e+00
  -1.3983382e+00
   9.1028476e-01
   1.4549407e+00
  -3.5372376e-02
  -1.2628311e+00
  -1.1344932e+00
  -4.6854067e-01
   1.8860856e-01
  -1.4764701e-01
  -7.2084653e-01
  -4.5196718e-01
  -2.3602292e-02
  -7.8773782e-02
  -1.0890233e-01
   1.3275076e-02
   2.4651892e-02
  -1.0147485e+00
  -7.2752607e-01
  -4.4662788e-01
  -2.9436221e-01
  -2.3242846e-01
  -1.4740850e-01
  -1.2739103e-02
   6.7997896e-04
  -1.7645177e-01
  -4.4681097e-01
  -6.3262905e-01
  -6.0285137e-01
  -5.1587868e-01
  -4.7994012e-01
  -4.7603846e-01
  -5.2063797e-01
  -7.5849432e-01
  -1.1504298e+00
  -1.2633403e+00
  -6.4069237e-01
   9.9483948e-01
   2.7064126e+00
   3.5296877e+00
   2.9881849e+00
   1.4370803e+00
   7.1007689e-02
  -7.0672279e-01
  -9.7694127e-01
  -9.0064231e-01
  -7.3984016e-01
  -7.1041072e-01
  -8.7469343e-01
  -1.1729227e+00
  -1.4043271e+00
  -1.4055425e+00
  -1.2474365e+00
