   2.5595119e+00
   3.9393935e+00
   5.1221194e+00
   5.9187832e+00
   6.5023246e+00
   7.0142002e+00
   7.3057847e+00
   6.8820786e+00
   5.2399120e+00
   3.9631670e+00
   2.5885317e+00
   1.0805357e+00
   5.3308356e-01
   7.8224099e-01
   1.5254925e+00
   2.3741333e+00
   2.9063373e+00
   3.0803611e+00
   3.0125582e+00
   2.8203797e+00
   2.1993163e+00
   1.3318037e+00
   5.5440515e-02
  -1.9029601e+00
  -3.5329580e+00
  -4.0790033e+00
  -3.5205488e+00
  -2.0666213e+00
   4.4138506e-02
   2.1808178e+00
   3.8424921e+00
   4.5853486e+00
   4.1832147e+00
   2.9486632e+00
   1.9352058e+00
   1.7687565e+00
   4.6725625e-01
   1.1081219e+00
   8.2071668e-01
   1.2371737e-01
  -3.1198859e-03
   6.2856740e-01
   1.2587427e+00
   1.3822389e+00
   1.1051607e+00
   5.6352490e-01
  -3.7296973e-03
   5.9107598e-02
   6.7586929e-01
   1.2886152e+00
   1.6884410e+00
   1.8424063e+00
   1.3881956e+00
   2.4480367e-01
  -9.2662990e-01
  -9.6175045e-01
   4.0092272e-01
   1.7992308e+00
   2.1687396e+00
   1.4947655e+00
   6.0342628e-01
   3.7389380e-01
   7.0483005e-01
   1.0825162e+00
   1.4452143e+00
   2.0237842e+00
   3.1625271e+00
   4.0598040e+00
   3.7850459e+00
   2.2871363e+00
   7.3134786e-01
   4.7375407e-02
  -1.2954769e+00
  -1.0049856e+00
  -1.0794213e+00
  -9.4294983e-01
  -3.8269181e-02
   1.1034843e+00
   1.3920171e+00
   9.8830974e-01
   5.2268326e-01
   2.1536392e-01
   3.8525540e-01
   9.4915611e-01
   1.0994234e+00
   8.8185465e-01
   9.4414264e-01
   1.2956264e+00
   1.0240647e+00
  -1.4301141e-01
  -1.5119035e+00
  -1.5049374e+00
   5.7265097e-01
   2.5444896e+00
   3.0491285e+00
   2.4194856e+00
   1.1634126e+00
   2.6846621e-02
  -3.7657616e-01
  -8.0792934e-01
  -1.6068242e+00
  -1.3381293e+00
   1.9228397e-01
   1.5635661e+00
   1.9127741e+00
   1.4463577e+00
   2.5616118e-01
  -1.0173278e+00
  -8.4373242e-01
  -2.5742552e-01
  -9.3527153e-02
   6.6306227e-01
   1.6236401e+00
   1.9068552e+00
   1.6631126e+00
   1.2089970e+00
   3.3220878e-01
  -2.0915286e-01
   8.7287480e-01
   1.8945947e+00
   1.2896018e+00
   8.3140719e-01
   1.6458509e+00
   2.1273587e+00
   1.2108588e+00
  -3.2983786e-01
  -1.7025584e+00
  -1.5356915e+00
   1.2842652e+00
   3.5061932e+00
   3.1077907e+00
   1.8177841e+00
   4.8723438e-01
  -5.2042061e-01
  -3.4027874e-01
  -5.8089966e-01
  -1.4707880e+00
  -3.8299152e-01
   1.6799036e+00
   2.4271646e+00
   1.7290527e+00
   1.0587807e+00
  -4.1441821e-02
  -1.1283376e+00
   4.4394989e-02
   4.8965216e-02
  -4.2772990e-01
   1.4192837e-01
   9.3469781e-01
   9.4797230e-01
   9.9143124e-01
   1.0701650e+00
   7.7500828e-02
  -5.5945623e-01
   1.1287289e+00
   2.0706122e+00
   4.5772424e-01
  -1.7702454e-01
   1.2203553e+00
   1.4880953e+00
   8.5544392e-02
  -1.3381989e+00
  -2.1062565e+00
  -1.5292763e+00
   1.4576157e+00
   3.6328671e+00
   2.4693944e+00
   6.4354980e-01
  -3.8909033e-01
  -8.5754180e-01
  -4.1350445e-01
  -8.9803356e-01
  -1.3962681e+00
   4.3959403e-01
   2.5131001e+00
   2.7144954e+00
   1.2387104e+00
   2.3165324e-01
  -6.1476672e-01
  -8.8982058e-01
  -2.9040095e-01
  -8.6964142e-01
  -1.3008863e+00
  -9.2389649e-01
  -1.4708713e-01
   2.1785878e-01
   3.1129834e-01
   2.9589912e-01
  -6.5957886e-01
  -9.6107984e-01
   6.2852812e-01
   1.0247513e+00
  -9.7266006e-01
  -1.5812223e+00
  -6.8893284e-02
   1.8049279e-01
  -1.0392621e+00
  -2.1104047e+00
  -2.1291802e+00
  -1.2541780e+00
   8.4617674e-01
   2.3508592e+00
   1.0455378e+00
  -7.0005774e-01
  -1.4082885e+00
  -1.6539755e+00
  -1.5128887e+00
  -1.9603691e+00
  -1.4115533e+00
   5.5751169e-01
   1.7439865e+00
   1.4775288e+00
   5.2046403e-03
  -9.8390788e-01
  -1.5124736e+00
  -1.1957461e+00
  -9.7271824e-01
  -1.5735482e+00
  -1.3854762e+00
  -1.1238254e+00
  -5.0043875e-01
  -4.2576205e-02
  -2.8317651e-01
  -7.1070570e-01
  -1.5849065e+00
  -1.4892478e+00
  -2.8450990e-01
  -2.5335136e-01
  -1.9989213e+00
  -2.4914117e+00
  -1.1518372e+00
  -8.0167270e-01
  -1.5913905e+00
  -2.3331461e+00
  -1.7904345e+00
  -8.2071811e-01
   1.5963605e-01
   8.5275209e-01
  -2.8650099e-01
  -1.6933491e+00
  -2.1871870e+00
  -2.3178694e+00
  -2.2577245e+00
  -2.1513755e+00
  -8.1642723e-01
   6.8102837e-01
   7.3786551e-01
   4.1049570e-03
  -1.1914405e+00
  -1.9751387e+00
  -2.2176373e+00
  -1.6067502e+00
  -1.6421016e+00
  -1.4891306e+00
  -1.2329065e-01
   3.6467609e-02
   1.5863010e-01
   5.0102789e-02
  -9.7587418e-01
  -1.9930317e+00
  -2.7508259e+00
  -2.2950312e+00
  -1.6530426e+00
  -1.5774021e+00
  -2.3927854e+00
  -2.7269870e+00
  -1.8267268e+00
  -1.3109088e+00
  -1.5203317e+00
  -1.9521326e+00
  -1.0253072e+00
  -1.7055519e-01
  -4.0296815e-01
  -6.1003309e-01
  -1.3868795e+00
  -2.3002410e+00
  -2.6890074e+00
  -2.6414755e+00
  -2.0544531e+00
  -6.7061664e-01
   8.5682409e-01
   1.1425583e+00
  -1.1113617e-01
  -1.4307581e+00
  -2.2395471e+00
  -2.6670679e+00
  -2.6169528e+00
  -1.9327220e+00
  -1.3124865e-01
   1.2878075e+00
   1.7801132e+00
   1.2488778e+00
   7.7968490e-01
  -5.7922000e-01
  -1.6679786e+00
  -2.2721303e+00
  -2.6905909e+00
  -2.3826230e+00
  -1.7141244e+00
  -9.2519742e-01
  -1.2061558e+00
  -1.9988980e+00
  -1.4731584e+00
  -9.0057403e-01
  -6.3674974e-01
   3.3916777e-01
   1.3799691e+00
   6.6867727e-01
   1.9052535e-01
  -4.2929998e-01
  -1.2500316e+00
  -1.7533965e+00
  -2.2592647e+00
  -1.5788786e+00
   1.0668738e+00
   3.1849742e+00
   1.7130165e+00
   5.5296850e-01
  -5.8892274e-01
  -1.5455518e+00
  -1.6579490e+00
  -1.8614423e+00
  -1.6568789e+00
  -9.0852422e-01
   1.0908358e+00
   2.8642516e+00
   1.8765254e+00
   8.2729405e-01
   4.5245725e-01
  -1.0114025e+00
  -1.6001358e+00
  -1.9635812e+00
  -2.1313007e+00
  -1.8592961e+00
  -9.8800302e-01
  -1.2231831e-01
  -5.0113159e-01
  -1.4958395e+00
  -9.8179293e-01
  -3.7600952e-01
   4.5316584e-02
   1.9043819e+00
   2.6599827e+00
   6.0043705e-01
   3.7086728e-01
  -3.7190467e-01
  -1.2682637e+00
  -1.3964080e+00
  -1.6805648e+00
  -6.4887124e-01
   2.8402789e+00
   4.4662361e+00
   1.0734652e+00
  -1.6086994e-01
  -9.5099992e-01
  -1.3530167e+00
  -9.8533237e-01
  -1.2796235e+00
  -1.0840796e+00
  -1.9115686e-01
   2.8567533e+00
   4.8763616e+00
   1.4429528e+00
  -3.3853775e-01
  -3.4969696e-01
  -1.6053987e+00
  -1.2529452e+00
  -1.3056302e+00
  -1.1204497e+00
  -8.6722238e-01
   3.6909856e-01
   1.1471401e+00
   4.1648420e-01
  -8.0300522e-01
  -1.9024246e-01
   4.5846516e-01
   1.0179497e+00
   4.0517386e+00
   4.2454147e+00
   2.0527356e-01
   5.1248682e-01
  -3.2421587e-01
  -1.3457870e+00
  -9.1443326e-01
  -7.5260627e-01
   7.2298078e-01
   5.1046046e+00
   5.5882899e+00
  -3.7947766e-01
  -1.2864236e+00
  -1.4645209e+00
  -9.6151548e-01
   6.6858576e-02
  -4.6661146e-01
  -3.3727255e-01
   8.0134940e-01
   4.2564974e+00
   5.1469440e+00
   1.7482001e-01
  -1.7925266e+00
  -1.1318524e+00
  -1.0599699e+00
   3.5416251e-01
  -1.4423460e-01
   3.2776362e-01
   7.0597947e-01
   1.7365365e+00
   1.8390484e+00
   1.3104361e+00
   5.9439057e-01
   1.1554515e+00
   1.9248528e+00
   2.5142128e+00
   5.3260126e+00
   4.0272493e+00
  -1.4376266e+00
   4.5758501e-02
  -9.0515709e-01
  -1.3877411e+00
  -2.0620629e-01
   9.8354858e-01
   2.8772502e+00
   6.5778971e+00
   4.1541204e+00
  -1.7231077e+00
  -1.2901120e+00
  -1.3664324e+00
   5.1741406e-02
   1.1839552e+00
   6.9866025e-01
   1.0905745e+00
   2.5854683e+00
   4.7483916e+00
   5.0654454e+00
  -1.4565265e-01
  -2.0509899e+00
  -1.1759076e+00
  -6.4227587e-01
   1.0755739e+00
   4.2746097e-01
   9.9233472e-01
   1.3933232e+00
   2.3103323e+00
   2.1869547e+00
   1.8685282e+00
   1.3532721e+00
   1.8417834e+00
   2.6605313e+00
   3.2879610e+00
   5.8351908e+00
   3.6323049e+00
  -2.0028615e+00
  -5.6413777e-02
  -1.0042418e+00
  -1.1191899e+00
   3.0011502e-01
   1.7922202e+00
   3.7762699e+00
   6.9709573e+00
   3.3966596e+00
  -2.0892727e+00
  -1.1865734e+00
  -1.1129451e+00
   6.8540287e-01
   1.7202281e+00
   1.3636965e+00
   1.8914922e+00
   3.4305418e+00
   5.2923682e+00
   4.0222348e+00
   1.7552531e-01
  -9.7403987e-01
   2.1107765e-02
   1.0395443e+00
   2.7188338e+00
   1.9424762e+00
   2.5673280e+00
   2.8793463e+00
   3.4482062e+00
   3.1371076e+00
   3.8023378e+00
   3.6379684e+00
   3.7527387e+00
   4.6634789e+00
   5.4818168e+00
   6.7295467e+00
   1.4777111e+00
  -2.5625947e+00
   1.6438553e-01
  -5.4673576e-01
   7.0681643e-01
   2.2495147e+00
   3.7581862e+00
   5.5367474e+00
   6.7327041e+00
   1.1909533e+00
  -1.9220434e+00
  -5.0624902e-01
   3.4948298e-01
   2.8843675e+00
   3.0889055e+00
   3.4783693e+00
   4.3917991e+00
   5.5422630e+00
   4.6200070e+00
   3.4215908e+00
   6.0321075e-01
  -2.3747531e-01
   6.6700745e-01
   1.4062215e+00
   2.5371883e+00
   2.1511242e+00
   2.7446029e+00
   2.9989719e+00
   3.7114782e+00
   3.5782156e+00
   4.3370280e+00
   4.2161570e+00
   4.4944129e+00
   5.1594009e+00
   5.9294519e+00
   6.0168610e+00
   6.4636111e-01
  -1.8795780e+00
   3.5692790e-01
   1.0696714e-01
   1.9595010e+00
   3.2882190e+00
   4.2460656e+00
   5.4503264e+00
   5.9042830e+00
   7.5480759e-01
  -1.3462591e+00
  -3.6182082e-01
   9.8180252e-01
   3.2545519e+00
   3.3123477e+00
   4.0275545e+00
   4.6099215e+00
   5.2934885e+00
   3.7794889e+00
   2.6707264e+00
   1.1378602e+00
   6.8330381e-01
   1.4744465e+00
   1.8646047e+00
   2.3101127e+00
   2.4119550e+00
   2.9662139e+00
   3.1485165e+00
   4.0405949e+00
   4.1296447e+00
   5.0054440e+00
   4.9389507e+00
   5.4215793e+00
   5.7793539e+00
   6.4890399e+00
   5.1259337e+00
  -3.9290894e-01
  -1.0257390e+00
   5.9762511e-01
   9.2416093e-01
   3.5254816e+00
   4.5867025e+00
   4.8559640e+00
   5.3422926e+00
   4.8686753e+00
   2.0958190e-01
  -6.2647124e-01
  -1.8127112e-01
   1.7722651e+00
   3.7173192e+00
   3.5916731e+00
   4.7140908e+00
   4.8825966e+00
   4.9824946e+00
   1.2609638e+00
   1.1850660e+00
   3.0744532e-01
  -2.2621436e-01
   2.2052400e-01
   6.0087037e-01
   3.7123534e-01
   5.8695203e-01
   9.2300868e-01
   1.1459974e+00
   2.1106536e+00
   2.3943691e+00
   3.0244625e+00
   3.2591572e+00
   4.5465560e+00
   4.4445677e+00
   4.3356628e+00
   2.3763089e+00
  -9.0196657e-01
  -4.0272242e-01
  -1.8941630e-01
   9.2163610e-01
   3.3375494e+00
   4.1903801e+00
   4.7536688e+00
   5.1961460e+00
   4.3074942e+00
   1.2510211e+00
   1.3861170e+00
   1.3347304e+00
   2.3078120e+00
   2.1176004e+00
   2.6555257e+00
   2.7694912e+00
   2.1883168e+00
   1.8712782e+00
   2.9802938e-01
   6.1703755e-01
  -1.0056004e-02
  -5.7396012e-01
  -2.5890154e-01
   1.1769347e-01
  -3.7007631e-01
  -1.1082080e-01
   1.4180819e-01
   3.8035287e-01
   1.3727587e+00
   1.7309027e+00
   2.2670525e+00
   2.6169040e+00
   4.2119993e+00
   3.9342248e+00
   3.5123395e+00
   1.3250158e+00
  -1.0966001e+00
  -1.6451781e-01
  -4.9033409e-01
   9.2067085e-01
   3.2656952e+00
   4.0388499e+00
   4.7145570e+00
   5.1402682e+00
   4.0929320e+00
   1.6492060e+00
   2.1556113e+00
   1.9143596e+00
   2.5125732e+00
   1.5059630e+00
   2.2975985e+00
   2.0259921e+00
   1.1581842e+00
   6.8173352e-01
  -1.5164790e+00
  -1.3397042e+00
  -2.3098249e+00
  -2.9066563e+00
  -3.4034920e+00
  -2.7714460e+00
  -3.2579823e+00
  -3.5500853e+00
  -3.6250463e+00
  -3.6775880e+00
  -3.5867810e+00
  -3.2123518e+00
  -2.8341873e+00
  -2.2025352e+00
  -4.1812238e-01
   6.2865227e-01
  -2.0685907e-01
  -1.7253948e+00
  -1.5018195e+00
  -1.7204120e+00
  -2.7586131e+00
  -1.5945609e+00
  -8.0420566e-01
  -3.0542207e-01
   2.9433875e+00
   5.2492924e+00
   3.9834678e+00
   2.1737287e+00
   2.6897175e+00
   3.6603944e+00
   3.3462565e+00
  -5.9342432e-01
  -2.8421789e-01
  -1.0340717e+00
  -2.7015710e-01
  -1.0097438e+00
  -1.2049081e+00
  -1.1733620e+00
  -2.4337170e+00
  -3.0919259e+00
  -3.7160633e+00
  -3.2467844e+00
  -3.6852455e+00
  -3.9319468e+00
  -4.0483513e+00
  -4.2235832e+00
  -4.3238745e+00
  -3.9628255e+00
  -3.6901975e+00
  -3.1434517e+00
  -1.7137029e+00
   1.1016243e-01
  -4.8921010e-01
  -1.9279165e+00
  -1.6530499e+00
  -2.1936245e+00
  -3.2205927e+00
  -2.4855967e+00
  -1.9486625e+00
  -1.6899555e+00
   1.7708435e+00
   4.3792868e+00
   3.1227753e+00
   1.2923466e+00
   1.4149623e+00
   2.8462086e+00
   3.3059335e+00
  -6.0513824e-01
  -8.2841498e-01
  -1.1268212e+00
   4.5655167e-01
  -5.6023675e-01
  -1.9094253e-01
  -5.9071415e-01
  -2.7105850e+00
  -3.5522168e+00
  -4.5256971e+00
  -4.5571704e+00
  -4.8509346e+00
  -4.9378847e+00
  -5.1653739e+00
  -5.6978404e+00
  -6.3358070e+00
  -6.0157252e+00
  -6.0542460e+00
  -5.7749252e+00
  -5.4209390e+00
  -1.3127349e+00
  -1.1838300e+00
  -2.4101430e+00
  -2.0914435e+00
  -3.5533521e+00
  -4.5167150e+00
  -5.0632257e+00
  -5.2243084e+00
  -5.6769690e+00
  -1.6854813e+00
   1.7552564e+00
   5.3591868e-01
  -1.3833117e+00
  -2.4454917e+00
   3.2179636e-01
   3.1496681e+00
  -5.5263045e-01
  -2.3589744e+00
  -1.2781342e+00
   2.7042977e+00
   8.6389236e-01
   1.2238425e+00
   1.3958926e+00
  -1.2480329e+00
  -2.9326084e+00
  -4.1197414e+00
  -4.4614348e+00
  -4.7182822e+00
  -4.5597191e+00
  -4.8934336e+00
  -5.3443365e+00
  -5.7240500e+00
  -5.4206271e+00
  -5.6308274e+00
  -5.7643633e+00
  -6.3428903e+00
  -1.3040303e+00
  -5.1774621e-01
  -2.0609941e+00
  -2.1251771e+00
  -3.1708925e+00
  -4.2540855e+00
  -5.5041924e+00
  -5.5298233e+00
  -6.6767168e+00
  -3.9385486e+00
  -8.6270905e-01
  -1.7003497e+00
  -2.9691062e+00
  -4.7679701e+00
  -2.3154826e+00
   2.1766076e+00
  -8.0762625e-02
  -2.5888917e+00
  -9.7000569e-01
   3.7040632e+00
   1.5896271e+00
   2.4851035e+00
   3.1669247e+00
   5.5811573e-02
  -2.3802366e+00
  -3.7578374e+00
  -4.3760882e+00
  -4.6000244e+00
  -4.2225895e+00
  -4.6510015e+00
  -5.0291931e+00
  -5.1786780e+00
  -4.8901061e+00
  -5.2533560e+00
  -5.7549474e+00
  -7.1647965e+00
  -1.2962703e+00
   7.6058121e-02
  -1.7497325e+00
  -2.1552503e+00
  -2.8299350e+00
  -4.0199549e+00
  -5.8973073e+00
  -5.8021850e+00
  -7.5679777e+00
  -5.9471265e+00
  -3.1965879e+00
  -3.6939513e+00
  -4.3828194e+00
  -6.8384271e+00
  -4.6665797e+00
   1.3091379e+00
   3.3990079e-01
  -2.7938596e+00
  -6.9531352e-01
   4.5953398e+00
   2.2366096e+00
   4.2168732e+00
   5.1399603e+00
   2.9487975e+00
  -2.8571981e-01
  -2.2618492e+00
  -2.7227859e+00
  -2.8145454e+00
  -2.8518662e+00
  -3.4368908e+00
  -3.6005678e+00
  -3.2420087e+00
  -2.8480206e+00
  -3.6285944e+00
  -4.3225574e+00
  -6.2965565e+00
  -5.2306104e-01
   1.8523414e+00
   2.6538998e-02
  -6.3896483e-01
  -8.9012337e-01
  -2.5378103e+00
  -3.8197548e+00
  -3.7277017e+00
  -5.9900055e+00
  -5.8642106e+00
  -3.1775811e+00
  -3.0686593e+00
  -2.8687060e+00
  -5.3844242e+00
  -5.2843218e+00
  -2.5189224e-01
   6.6792309e-01
  -1.9722853e+00
  -1.5453820e+00
   2.9802513e+00
   2.4688892e+00
   4.4449601e+00
   4.9657373e+00
   3.5280557e+00
   5.5166209e-01
  -1.4952340e+00
  -1.8597493e+00
  -1.9778217e+00
  -2.2045105e+00
  -2.8449042e+00
  -3.0257101e+00
  -2.5751793e+00
  -2.1051862e+00
  -3.1177936e+00
  -3.9517479e+00
  -5.7319479e+00
  -1.0470808e-01
   2.6098375e+00
   9.8365802e-01
   1.2187494e-01
  -1.6469505e-01
  -1.9174685e+00
  -2.9394233e+00
  -2.9707818e+00
  -5.2478375e+00
  -5.4080615e+00
  -2.5992262e+00
  -2.3895712e+00
  -2.1802285e+00
  -4.5981874e+00
  -5.0689349e+00
  -6.9698727e-01
   6.9112968e-01
  -1.6362753e+00
  -1.7907814e+00
   2.3230619e+00
   2.5577869e+00
   4.0433397e+00
   2.7761324e+00
   3.6480879e+00
   2.3064085e+00
   4.3049538e-01
   3.3155142e-01
   8.3753412e-03
  -6.5975419e-01
  -1.4024541e+00
  -1.8140837e+00
  -1.3813884e+00
  -6.8797681e-01
  -2.3103165e+00
  -3.5571382e+00
  -4.1367612e+00
   9.7889099e-01
   4.2868744e+00
   3.4572131e+00
   2.0091858e+00
   1.2605286e+00
  -5.6489302e-01
  -1.0004570e+00
  -1.5219106e+00
  -3.4817525e+00
  -3.6508014e+00
  -3.0595082e-01
  -1.5358503e-01
  -5.8000337e-01
  -2.5623621e+00
  -3.7416282e+00
  -1.2905659e+00
   5.3526973e-01
  -9.1786397e-01
  -2.1260695e+00
   9.2415956e-01
   2.7365569e+00
   2.0085702e+00
  -7.2033405e-02
   1.7890697e+00
   2.0502877e+00
   1.2198020e+00
   1.5830575e+00
   1.2535996e+00
   3.4898385e-01
  -3.6186954e-01
  -1.0310305e+00
  -8.0875719e-01
  -7.7894621e-02
  -1.9264051e+00
  -3.3645258e+00
  -2.6970272e+00
   1.4315593e+00
   4.0644989e+00
   3.7341290e+00
   2.4160016e+00
   2.0147371e+00
   4.3698037e-01
  -1.8775418e-01
  -8.4754092e-01
  -2.3974402e+00
  -2.9515603e+00
  -8.1652902e-02
  -8.6684145e-02
  -9.4116092e-01
  -2.3510814e+00
  -2.8126142e+00
  -1.0475326e+00
   1.6913539e-01
  -9.0872377e-01
  -6.9629341e-01
   1.4859359e+00
   1.9901785e+00
   4.7537595e-01
  -1.8879764e+00
   4.5506740e-01
   1.6464317e+00
   1.5811483e+00
   2.3110607e+00
   2.0955377e+00
   1.1029781e+00
   4.0258285e-01
  -3.9570197e-01
  -3.5303688e-01
   3.5292515e-01
  -1.5276607e+00
  -3.0440781e+00
  -1.6140633e+00
   1.6065267e+00
   3.5679727e+00
   3.5364380e+00
   2.4558232e+00
   2.5542445e+00
   1.2733486e+00
   4.3802139e-01
  -2.9533431e-01
  -1.5104406e+00
  -2.3644257e+00
   8.9083072e-03
  -6.3641712e-02
  -1.0849165e+00
  -2.0215869e+00
  -1.9865869e+00
  -7.9964811e-01
  -1.1969557e-01
  -9.1112232e-01
   4.6689853e-01
   1.9645234e+00
   1.3056891e+00
  -1.6591409e+00
  -2.5743149e+00
  -1.0296712e+00
  -9.2232873e-02
   7.8213967e-01
   2.1251130e+00
   2.7302464e+00
   2.1187300e+00
   1.3573671e+00
   7.4152521e-01
   4.1667253e-01
   7.9162027e-01
  -3.6182076e-01
  -1.6198930e+00
  -1.1680264e-01
   9.2337431e-01
   1.0414387e+00
   9.9426323e-01
   1.0233067e+00
   3.1447503e+00
   2.8921908e+00
   1.3840172e+00
   7.1931359e-01
   1.1480992e-01
  -1.2108387e+00
  -3.0265543e-01
  -1.8423967e-01
  -5.6886192e-01
  -6.1281286e-01
  -1.3355737e-01
  -9.3258637e-02
  -5.9405107e-01
  -9.6626608e-01
   2.5652943e+00
   2.9392719e+00
  -3.2840794e-01
  -1.3692551e+00
  -1.1852013e+00
  -4.6182343e-01
  -5.5990398e-01
  -2.6535222e-01
   6.2353659e-01
   1.9319677e+00
   1.9316640e+00
   1.1285312e+00
   1.0711591e+00
   1.0591547e+00
   1.0528072e+00
   4.9868801e-01
  -4.9343124e-01
   2.5896989e-03
  -3.5001136e-02
  -4.9480540e-01
  -8.7830973e-01
  -7.6018155e-01
   2.2029066e+00
   3.0848155e+00
   1.5538155e+00
   5.7041055e-01
   3.6386132e-01
  -2.4633366e-01
   3.6716968e-02
   3.1133240e-01
   3.9747640e-01
   6.8298805e-01
   6.8132585e-01
  -2.4953347e-01
  -8.2016242e-01
  -8.5200667e-01
   2.0028470e+00
   2.2892311e+00
  -4.9125588e-01
  -8.5699213e-01
  -6.2140483e-01
  -2.4136660e-01
  -6.9135642e-01
  -1.0811018e+00
  -1.0035836e+00
   5.8318913e-01
   1.0790139e+00
   3.0461773e-01
   6.2354946e-01
   1.0544865e+00
   1.0414823e+00
   9.4179660e-01
   1.5668827e-01
  -9.4029970e-02
  -6.6727990e-01
  -1.2745456e+00
  -1.9283859e+00
  -2.0681479e+00
   1.0207649e+00
   2.8900056e+00
   1.5238194e+00
  -7.0972398e-02
  -1.1047086e-01
  -1.1050984e-01
  -2.9121354e-01
  -3.1384803e-02
   3.6869356e-01
   8.6602139e-01
   6.6249895e-01
  -5.7957953e-01
  -7.0597708e-01
  -6.8040174e-01
   9.1227150e-01
   1.4873184e+00
  -6.2975794e-02
  -2.8461024e-01
  -8.4522808e-01
  -4.9126178e-01
  -7.4367481e-01
  -1.7598944e+00
  -2.6402624e+00
  -1.1697905e+00
  -3.5535920e-01
  -1.2224293e+00
  -8.3351946e-01
   3.1187800e-01
   8.1640810e-01
   1.1552789e+00
   6.2510991e-01
  -1.5339854e-01
  -9.8393404e-01
  -1.5509008e+00
  -2.3719707e+00
  -2.8021698e+00
  -2.4500966e-02
   2.5701876e+00
   1.3644478e+00
  -9.9383676e-01
  -1.0260767e+00
  -5.6926501e-01
  -1.1998062e+00
  -1.1374454e+00
  -5.2314019e-01
   2.0816347e-01
   1.9816811e-01
  -7.7130079e-01
  -3.3891708e-01
  -4.1756338e-01
  -3.1911620e-01
   7.5703275e-01
   8.0369067e-01
  -2.2514708e-01
  -1.5681131e+00
  -1.2435075e+00
  -1.1483318e+00
  -2.0837889e+00
  -3.0574856e+00
  -2.0305932e+00
  -1.5124662e+00
  -2.9753575e+00
  -3.2380912e+00
  -1.1765867e+00
   5.7758290e-01
   1.4368479e+00
   1.2912132e+00
   4.0506321e-01
  -7.9329687e-01
  -1.6829823e+00
  -2.4071066e+00
  -2.3179898e+00
   3.4565735e-01
   2.6515982e+00
   1.1316854e+00
  -1.3922119e+00
  -1.3523264e+00
  -8.6527902e-01
  -1.8841002e+00
  -2.1641569e+00
  -1.5193714e+00
  -4.3634179e-01
   2.9261166e-01
  -4.6474278e-02
  -9.7556449e-03
  -8.8083297e-02
  -2.3949286e-01
   9.1597402e-01
   1.3368012e+00
  -1.0759545e-01
  -7.5788343e-01
  -7.1175510e-01
  -9.7783607e-01
  -1.6012068e+00
  -1.7173815e+00
  -1.0446376e+00
  -1.5193275e+00
  -3.4001036e+00
  -4.3677692e+00
  -2.2665470e+00
   2.9119399e-01
   1.4787283e+00
   1.4421713e+00
   7.1862239e-01
  -5.8325285e-01
  -1.9426848e+00
  -2.6376083e+00
  -1.7490195e+00
   4.8633367e-01
   1.6638016e+00
   4.7906544e-02
  -1.8217001e+00
  -1.4056737e+00
  -4.7276437e-01
  -9.6017110e-01
  -1.2955101e+00
  -1.0769653e+00
  -3.7005925e-01
   3.6875281e-01
   2.3981142e-01
  -7.8697830e-02
  -5.0963487e-02
   3.9167476e-01
   1.0341711e+00
   9.1251409e-01
   6.2269449e-01
   5.5511993e-01
   2.7368465e-01
  -2.5470880e-01
  -5.2904469e-01
  -2.7263427e-01
  -1.7743693e-01
  -1.2075666e+00
  -2.7590227e+00
  -3.4548321e+00
  -2.2576952e+00
  -6.8439621e-01
   4.8965625e-02
   1.3735920e-01
  -2.4381816e-02
  -6.6373235e-01
  -1.6788346e+00
  -2.1188974e+00
  -1.4261663e+00
  -4.2309719e-01
   1.6267797e-01
  -8.6910647e-01
  -2.4905169e+00
  -3.0243230e+00
  -1.9428997e+00
  -1.0649590e+00
  -1.0950844e+00
  -8.9335608e-01
  -7.5207418e-01
  -7.9119229e-01
  -1.0764933e+00
  -1.2749941e+00
  -8.1868911e-01
   1.5343584e-01
   7.1472836e-01
   7.8038341e-01
   1.2699951e+00
   1.2410997e+00
   9.8951598e-01
   6.6618272e-01
   4.4839909e-01
   3.6053066e-01
   1.9989631e-01
  -1.7361290e-01
  -6.3375201e-01
  -9.3641170e-01
  -9.0037666e-01
  -6.8121793e-01
  -4.8340580e-01
  -2.9907040e-01
  -9.7991408e-02
   5.8898231e-02
   2.0156551e-01
   5.3913353e-01
   1.1162595e+00
   1.8458726e+00
   2.0659586e+00
   1.2830823e+00
  -2.4714303e-01
  -1.8358122e+00
  -2.6543801e+00
  -2.3532973e+00
  -1.5410539e+00
  -9.4545796e-01
  -6.9150866e-01
  -8.3342307e-01
  -1.1318376e+00
  -1.2514178e+00
  -9.3593818e-01
  -2.0941906e-01
   5.1507879e-01
   1.0309973e+00
