   0.0000000e+00
   0.0000000e+00
   0.0000000e+00
   0.0000000e+00
   0.0000000e+00
   0.0000000e+00
   0.0000000e+00
  -0.0000000e+00
  -0.0000000e+00
  -0.0000000e+00
  -0.0000000e+00
  -0.0000000e+00
  -0.0000000e+00
  -0.0000000e+00
  -0.0000000e+00
  -0.0000000e+00
  -0.0000000e+00
  -0.0000000e+00
  -0.0000000e+00
  -0.0000000e+00
  -0.0000000e+00
  -0.0000000e+00
  -0.0000000e+00
  -0.0000000e+00
  -0.0000000e+00
  -0.0000000e+00
  -0.0000000e+00
  -0.0000000e+00
  -0.0000000e+00
  -0.0000000e+00
  -0.0000000e+00
  -0.0000000e+00
  -0.0000000e+00
  -0.0000000e+00
  -0.0000000e+00
   0.0000000e+00
   0.0000000e+00
   1.1647522e-02
   1.9121628e-02
   2.1075601e-02
   2.1608993e-02
  -1.1246882e-02
  -2.3927670e-02
  -3.0371822e-02
  -2.6497927e-02
  -1.4357120e-02
  -4.6869563e-03
  -5.4495865e-03
  -1.3100637e-02
  -1.7688433e-02
  -1.6749114e-02
  -1.6191445e-02
  -1.6384758e-02
  -1.6335692e-02
  -1.3557131e-02
  -1.7279041e-03
   6.6922586e-03
   2.0133462e-03
  -8.7649776e-03
  -1.7169330e-02
  -2.6596069e-02
  -3.6194202e-02
  -4.3563429e-02
  -4.9338583e-02
  -4.1694611e-02
  -3.6646452e-02
  -6.1719146e-02
  -4.9301766e-02
  -6.1945193e-02
  -5.1815122e-02
  -3.5085898e-02
  -0.0000000e+00
  -3.8382912e-03
  -3.6083544e-03
  -4.9847816e-03
  -8.5680056e-03
  -1.7211666e-02
  -3.3241943e-02
  -4.2994432e-02
  -4.1838925e-02
  -3.7275892e-02
  -3.2163702e-02
  -2.8897200e-02
  -2.8719198e-02
  -3.2858711e-02
  -2.9078975e-02
  -2.3814745e-02
  -2.4272727e-02
  -2.3526736e-02
  -2.3571443e-02
  -2.0743521e-02
  -1.7352952e-02
  -6.0172332e-03
  -7.5119073e-03
  -1.6095638e-02
  -2.1732591e-02
  -2.3353690e-02
  -1.5995882e-02
  -6.3498039e-03
  -4.2254846e-03
  -5.2289129e-03
  -6.2852743e-04
  -2.4041852e-03
  -1.2955059e-02
  -1.9775037e-02
  -1.5812108e-02
  -1.0233610e-02
  -4.4068042e-03
  -3.3521201e-02
  -3.9891217e-02
  -4.2965047e-02
  -4.2762712e-02
  -3.6984034e-02
  -3.4232609e-02
  -3.3506650e-02
  -3.3823282e-02
  -4.4510908e-02
  -5.3287320e-02
  -5.5908412e-02
  -5.6230519e-02
  -4.3857753e-02
  -2.6229084e-02
  -1.9414213e-02
  -2.8956670e-02
  -3.3499800e-02
  -2.7828284e-02
  -2.5794890e-02
  -3.0185064e-02
  -2.1391662e-02
  -1.5210835e-02
  -1.2835384e-02
  -9.5054023e-03
  -1.8816823e-02
  -1.8278489e-02
  -4.2280341e-03
   3.4435310e-03
  -6.3160607e-03
  -1.4056603e-02
  -2.6018832e-02
  -3.6045391e-02
  -4.0430665e-02
  -2.9922822e-02
  -1.9934325e-02
  -2.2524752e-02
  -2.0924937e-02
  -2.7563460e-02
  -2.7874894e-02
  -2.7885815e-02
  -2.3861196e-02
  -1.6610043e-02
  -1.2219861e-02
  -1.2380788e-02
  -2.4077673e-02
  -2.9297389e-02
  -2.7734673e-02
  -3.0946560e-02
  -2.8013457e-02
  -1.7652895e-02
  -7.8378973e-04
  -9.8928041e-04
  -2.5772220e-03
  -4.0385313e-04
  -5.4019541e-03
  -0.0000000e+00
  -1.3756609e-02
  -5.1351083e-03
   3.3546351e-03
   2.1565104e-02
   1.2522980e-02
   8.1506018e-03
   1.4946481e-02
   1.5323312e-02
   4.7390354e-03
  -2.7831893e-03
  -7.1546733e-03
  -1.2425867e-02
  -1.2898195e-02
  -6.7087454e-03
  -7.4207243e-03
  -1.3341209e-02
   2.5249623e-02
   1.9634053e-02
   1.6372021e-02
   1.6663954e-02
   1.4885468e-02
   1.5528266e-02
   2.1784959e-02
   2.8607210e-02
   2.4123389e-02
   2.3215782e-02
   2.8109504e-02
   2.4993567e-02
   1.9018278e-02
   1.9330472e-02
   4.2826656e-02
   5.0988786e-02
   4.8435595e-02
   4.9379438e-02
   1.0633045e-01
   0.0000000e+00
   1.3596041e-02
   3.3032767e-02
   4.2013396e-02
   6.4574927e-02
   6.0231298e-02
   6.2295672e-02
   6.1243288e-02
   5.6188520e-02
   4.1604400e-02
   3.3411615e-02
   3.9491098e-02
   4.4393286e-02
   4.6211440e-02
   4.4358704e-02
   3.4055829e-02
   2.8181730e-02
   6.7499526e-02
   5.9039094e-02
   4.6787847e-02
   6.2949777e-02
   5.4998234e-02
   3.9690454e-02
   4.9218390e-02
   6.2948674e-02
   6.7121327e-02
   6.9247648e-02
   7.8388922e-02
   7.7785358e-02
   6.8832681e-02
   6.2418580e-02
   8.4622592e-02
   9.1923185e-02
   8.7501489e-02
   7.9432860e-02
   1.8457392e-01
   0.0000000e+00
   3.7029885e-02
   6.7543320e-02
   7.6496087e-02
   9.5684201e-02
   9.4456203e-02
   1.0240408e-01
   9.1180168e-02
   8.1895806e-02
   6.6076711e-02
   6.0956385e-02
   7.8487001e-02
   9.1843858e-02
   9.5300727e-02
   9.1154091e-02
   7.7867039e-02
   7.1745023e-02
   9.9137062e-02
   8.0935144e-02
   5.1842126e-02
   1.1205461e-01
   0.0000000e+00
   5.0006833e-02
   6.5800463e-02
   8.4261532e-02
   9.8764277e-02
   1.0451146e-01
   1.2224848e-01
   1.2669353e-01
   1.1924780e-01
   1.0848018e-01
   1.1950560e-01
   1.1405521e-01
   1.0975166e-01
   7.5020480e-02
   1.7473959e-01
   0.0000000e+00
   5.0786712e-02
   8.9309093e-02
   9.9997098e-02
   1.0957484e-01
   1.0854567e-01
   1.1725966e-01
   8.8858024e-02
   7.3399228e-02
   6.3406787e-02
   6.9972380e-02
   1.0378301e-01
   1.2203533e-01
   1.2795131e-01
   1.3117260e-01
   1.2187844e-01
   1.1345763e-01
   6.5086126e-02
   1.1826315e-01
   5.5511095e-02
   0.0000000e+00
   0.0000000e+00
   3.7593756e-02
   5.1372696e-02
   5.7178624e-02
   7.1357913e-02
   7.4889213e-02
   9.3375377e-02
   9.6486837e-02
   8.7444186e-02
   7.4618727e-02
   8.2806975e-02
   7.1424037e-02
   6.8428077e-02
   3.3519413e-02
   1.1678290e-01
   0.0000000e+00
   0.0000000e+00
   3.9772686e-02
   5.6874622e-02
   6.6341855e-02
   5.7200175e-02
   4.6546362e-02
   1.9609444e-02
   4.8430629e-02
   0.0000000e+00
   3.3562679e-02
   6.4104758e-02
   8.3764747e-02
   8.5897848e-02
   8.9367926e-02
   9.0119161e-02
   8.8986993e-02
   3.8293649e-02
   1.0408705e-01
   0.0000000e+00
   0.0000000e+00
   0.0000000e+00
   2.9106101e-02
   3.7037548e-02
   3.4215137e-02
   4.2757422e-02
   4.1970007e-02
   5.7987265e-02
   5.9997723e-02
   5.3454749e-02
   4.0298328e-02
   4.8529681e-02
   4.0173888e-02
   3.6386970e-02
   8.7662600e-03
   8.2502916e-02
   0.0000000e+00
  -0.0000000e+00
   1.2789771e-02
   2.8837785e-02
   3.5696805e-02
   2.3597505e-02
   6.9527477e-03
  -9.0817548e-03
   3.4450050e-02
  -0.0000000e+00
   8.3500035e-03
   3.6211733e-02
   5.1195882e-02
   5.0451804e-02
   5.2551247e-02
   5.3509027e-02
   5.5319868e-02
  -1.2375514e-04
   6.5989637e-02
   0.0000000e+00
   0.0000000e+00
   0.0000000e+00
   1.7457848e-02
   1.5265319e-02
   6.1324980e-04
  -1.1237643e-03
  -9.1545898e-03
   2.0744798e-03
   2.4851394e-03
   1.0592393e-03
  -1.2046062e-02
  -2.8243472e-03
  -3.6993736e-03
  -9.3630405e-03
  -2.3502631e-02
   3.7969659e-02
  -0.0000000e+00
  -0.0000000e+00
  -2.1006211e-02
  -8.9589271e-03
  -6.8686659e-03
  -2.1810939e-02
  -4.3272026e-02
  -3.9694996e-02
   1.6715456e-02
  -0.0000000e+00
  -2.6400094e-02
  -2.4259643e-03
   3.4934502e-03
  -1.3356329e-03
  -1.8407292e-03
  -3.7279712e-03
   1.1635019e-03
  -2.8203487e-02
   4.8903815e-02
   0.0000000e+00
  -0.0000000e+00
  -0.0000000e+00
  -1.5609426e-02
  -2.1129174e-02
  -3.6214530e-02
  -4.2266868e-02
  -5.4384738e-02
  -4.8359204e-02
  -4.1094158e-02
  -3.6822684e-02
  -5.1176839e-02
  -5.0231166e-02
  -4.9996134e-02
  -6.4949378e-02
  -3.6366694e-02
   3.3612546e-02
  -0.0000000e+00
  -0.0000000e+00
  -0.0000000e+00
  -2.5909942e-02
  -3.3325750e-02
  -4.4837452e-02
  -6.0603172e-02
  -1.9744631e-02
   0.0000000e+00
  -0.0000000e+00
  -7.1660355e-02
  -5.6370020e-02
  -2.9266931e-02
  -3.2142580e-02
  -3.7021391e-02
  -4.8904866e-02
  -4.3325167e-02
  -3.7729703e-02
   3.8262296e-02
   0.0000000e+00
  -0.0000000e+00
  -2.5661416e-02
  -2.9641708e-02
  -3.5235770e-02
  -5.0265640e-02
  -5.7980634e-02
  -7.0953235e-02
  -6.6496454e-02
  -5.7748847e-02
  -5.2040234e-02
  -6.5916903e-02
  -6.7793943e-02
  -6.6798195e-02
  -8.1980579e-02
  -3.5997458e-02
   3.6930002e-02
  -0.0000000e+00
  -0.0000000e+00
  -0.0000000e+00
  -3.3557825e-02
  -4.4703525e-02
  -5.2410070e-02
  -6.2774301e-02
  -1.0657323e-02
   0.0000000e+00
  -0.0000000e+00
  -0.0000000e+00
  -7.0504375e-02
  -4.3001056e-02
  -4.4826932e-02
  -5.0940864e-02
  -6.5271303e-02
  -5.9343342e-02
  -4.6421543e-02
   1.4653058e-03
  -0.0000000e+00
  -0.0000000e+00
  -4.5398333e-02
  -5.8177357e-02
  -5.7943941e-02
  -7.1791211e-02
  -8.2133872e-02
  -9.2913002e-02
  -8.8788567e-02
  -8.3400352e-02
  -7.9151935e-02
  -8.7554701e-02
  -9.2091176e-02
  -8.8253781e-02
  -8.7306859e-02
  -9.1970015e-03
   0.0000000e+00
  -0.0000000e+00
  -0.0000000e+00
  -0.0000000e+00
  -5.1142342e-02
  -6.8514005e-02
  -5.7981719e-02
  -4.4021621e-02
   1.0599137e-02
   0.0000000e+00
  -0.0000000e+00
  -0.0000000e+00
  -6.0106845e-02
  -7.0179841e-02
  -6.8883911e-02
  -7.4734443e-02
  -8.6018029e-02
  -7.9130627e-02
  -3.7965458e-02
  -1.3859394e-02
  -0.0000000e+00
  -0.0000000e+00
  -4.0509708e-02
  -4.8980489e-02
  -4.8680622e-02
  -6.0458198e-02
  -7.0408359e-02
  -7.9071850e-02
  -7.8988157e-02
  -7.9639383e-02
  -7.9580106e-02
  -8.4096812e-02
  -8.7636255e-02
  -7.8186318e-02
  -6.5201648e-02
  -6.1580655e-03
   0.0000000e+00
  -0.0000000e+00
  -0.0000000e+00
  -0.0000000e+00
  -5.7585813e-02
  -6.9011331e-02
  -5.8446586e-02
  -3.9360736e-02
   5.8694677e-03
   0.0000000e+00
  -0.0000000e+00
  -0.0000000e+00
  -5.3873658e-02
  -6.3234225e-02
  -6.4996526e-02
  -7.1130529e-02
  -7.1541943e-02
  -6.2142659e-02
  -2.7394512e-02
  -0.0000000e+00
  -1.6522707e-02
  -2.7184230e-02
  -3.4398435e-02
  -3.7483483e-02
  -3.7100548e-02
  -4.6290790e-02
  -5.5750295e-02
  -6.1769035e-02
  -6.6736671e-02
  -7.4937821e-02
  -8.0115353e-02
  -7.9774112e-02
  -8.2067154e-02
  -6.5600985e-02
  -3.7567936e-02
  -2.3590931e-03
  -0.0000000e+00
  -0.0000000e+00
  -0.0000000e+00
  -0.0000000e+00
  -6.5640787e-02
  -6.9633018e-02
  -5.9027712e-02
  -3.3534167e-02
  -4.3087736e-05
  -0.0000000e+00
  -0.0000000e+00
  -0.0000000e+00
  -4.6081556e-02
  -5.4551500e-02
  -6.0136909e-02
  -6.6625277e-02
  -5.3445381e-02
  -4.0906003e-02
  -2.3732390e-02
  -0.0000000e+00
  -1.4009626e-02
  -2.0660726e-02
  -2.3322213e-02
  -2.4039270e-02
  -2.6010653e-02
  -3.1398315e-02
  -3.5814527e-02
  -3.9727811e-02
  -4.4630725e-02
  -4.6355721e-02
  -4.5446724e-02
  -4.3135338e-02
  -4.7172144e-02
  -3.8961239e-02
  -2.0510977e-02
  -3.0463839e-02
  -0.0000000e+00
  -0.0000000e+00
  -0.0000000e+00
  -0.0000000e+00
  -3.8869496e-02
  -3.5047650e-02
  -3.4550361e-02
  -1.8687675e-02
   6.8612378e-03
  -0.0000000e+00
  -0.0000000e+00
  -0.0000000e+00
  -2.1411283e-02
  -2.4492841e-02
  -2.8244231e-02
  -2.9267849e-02
  -2.1645129e-02
  -1.7160125e-02
  -0.0000000e+00
  -0.0000000e+00
  -1.3048772e-02
  -1.8166528e-02
  -1.9087322e-02
  -1.8899002e-02
  -2.1770534e-02
  -2.5704319e-02
  -2.8192272e-02
  -3.1300556e-02
  -3.6178724e-02
  -3.5427633e-02
  -3.2191499e-02
  -2.9126847e-02
  -3.3830364e-02
  -2.8775782e-02
  -1.3989408e-02
  -4.1209424e-02
  -0.0000000e+00
  -0.0000000e+00
  -0.0000000e+00
  -3.4628465e-02
  -2.8633745e-02
  -2.1824259e-02
  -2.5191673e-02
  -1.3011258e-02
   9.5010410e-03
  -0.0000000e+00
  -0.0000000e+00
  -0.0000000e+00
  -1.1978837e-02
  -1.3000192e-02
  -1.6050362e-02
  -1.4984582e-02
  -9.4866012e-03
  -8.0811084e-03
  -0.0000000e+00
  -0.0000000e+00
  -2.7628912e-02
  -3.8651127e-02
  -4.1735016e-02
  -4.7581010e-02
  -4.9535878e-02
  -4.9407393e-02
  -4.5915060e-02
  -4.5387372e-02
  -4.2306874e-02
  -3.3872850e-02
  -2.5286416e-02
  -1.6142119e-02
  -1.3502743e-02
  -1.7614061e-02
  -1.6211389e-02
  -2.4000959e-02
  -0.0000000e+00
  -0.0000000e+00
  -0.0000000e+00
  -2.1157995e-02
  -1.4445350e-02
   1.1286153e-03
   8.8353660e-03
   1.5622389e-02
   4.8157141e-02
   0.0000000e+00
  -0.0000000e+00
  -0.0000000e+00
  -1.3397193e-02
  -1.4409601e-03
   1.8661420e-03
   1.3806715e-02
   8.0727823e-03
  -3.9571491e-03
  -0.0000000e+00
  -6.2340155e-02
  -4.7121797e-02
  -4.9002640e-02
  -5.2839100e-02
  -5.8534727e-02
  -5.9289888e-02
  -6.0593914e-02
  -5.8119297e-02
  -5.6970656e-02
  -5.2095268e-02
  -4.4106409e-02
  -3.5618667e-02
  -2.4194133e-02
  -1.5307612e-02
  -1.7590800e-02
  -1.8335961e-02
  -3.0678732e-02
  -0.0000000e+00
  -0.0000000e+00
  -3.8203198e-02
  -3.1402722e-02
  -2.1209154e-02
  -1.6105163e-04
   2.3002904e-02
   2.3020076e-02
   4.4504322e-02
   0.0000000e+00
  -0.0000000e+00
  -0.0000000e+00
  -2.4476659e-02
  -4.3766652e-03
   3.8412774e-03
   1.8856574e-02
   1.0778341e-02
  -5.2041174e-03
  -0.0000000e+00
  -1.2885373e-01
  -1.0520276e-01
  -7.9313220e-02
  -8.5325142e-02
  -9.0315729e-02
  -8.7497068e-02
  -9.3284046e-02
  -9.4123661e-02
  -9.1257448e-02
  -8.1310636e-02
  -7.4983360e-02
  -6.7016459e-02
  -4.8980601e-02
  -2.1591750e-02
  -1.7987446e-02
  -2.4639874e-02
  -5.1504146e-02
  -0.0000000e+00
  -0.0000000e+00
  -6.4102382e-02
  -6.2811471e-02
  -4.2167322e-02
  -5.0037485e-03
   6.4236833e-02
   0.0000000e+00
   0.0000000e+00
  -0.0000000e+00
  -0.0000000e+00
  -0.0000000e+00
  -0.0000000e+00
  -1.3698994e-02
   9.0390534e-03
   3.2857259e-02
   1.8190262e-02
  -9.1310041e-03
  -0.0000000e+00
  -8.6322032e-02
  -9.6015461e-02
  -8.7708980e-02
  -9.0716407e-02
  -9.1581367e-02
  -9.0794243e-02
  -1.0036775e-01
  -1.0241516e-01
  -9.3709610e-02
  -8.5474052e-02
  -8.5072450e-02
  -7.7329226e-02
  -5.7746246e-02
  -1.9283351e-02
  -1.3201062e-02
  -9.6251063e-02
  -1.7468545e-01
  -0.0000000e+00
  -1.0697862e-01
  -8.0342241e-02
  -7.6666832e-02
  -5.6839548e-02
  -2.0211995e-02
  -6.8124261e-04
  -0.0000000e+00
  -0.0000000e+00
  -0.0000000e+00
  -0.0000000e+00
  -0.0000000e+00
  -0.0000000e+00
  -1.3559828e-02
   1.1642235e-02
   4.7787704e-02
   1.0961482e-02
   1.4843263e-02
  -0.0000000e+00
  -4.8405639e-02
  -8.7825112e-02
  -9.5193663e-02
  -9.5522636e-02
  -9.2709672e-02
  -9.3733618e-02
  -1.0668276e-01
  -1.0980691e-01
  -9.5895688e-02
  -8.9185664e-02
  -9.4066726e-02
  -8.6522907e-02
  -6.5560698e-02
  -1.7225443e-02
  -8.9340662e-03
  -1.6009140e-01
  -0.0000000e+00
  -6.8608119e-02
  -7.9009935e-02
  -9.4819847e-02
  -8.9018678e-02
  -6.9919626e-02
  -3.3769931e-02
  -5.8554788e-02
  -0.0000000e+00
  -0.0000000e+00
  -0.0000000e+00
  -0.0000000e+00
  -0.0000000e+00
  -0.0000000e+00
  -1.3435765e-02
   1.3962935e-02
   6.1097975e-02
   4.5171287e-03
   3.6215985e-02
   0.0000000e+00
  -2.1802394e-02
  -5.8702931e-02
  -7.1464121e-02
  -7.1284093e-02
  -7.4780807e-02
  -8.6539336e-02
  -8.9984506e-02
  -8.2653373e-02
  -6.6244692e-02
  -6.8512291e-02
  -7.6130904e-02
  -5.8718421e-02
  -3.8611941e-02
   1.0931959e-03
   2.2205612e-02
  -0.0000000e+00
  -1.0020754e-01
  -7.4190520e-02
  -7.6752976e-02
  -7.0834748e-02
  -5.7996321e-02
  -5.6068324e-02
  -4.0293358e-02
  -6.6408001e-02
  -0.0000000e+00
  -0.0000000e+00
  -0.0000000e+00
  -0.0000000e+00
  -0.0000000e+00
  -0.0000000e+00
   9.3143005e-03
   8.2334489e-02
   0.0000000e+00
   5.2711442e-02
   2.3110902e-01
   0.0000000e+00
  -1.8275905e-02
  -4.5492969e-02
  -5.5435199e-02
  -5.4755919e-02
  -6.0269840e-02
  -7.4325018e-02
  -7.5456962e-02
  -6.6912889e-02
  -5.2393034e-02
  -5.6361191e-02
  -6.3938424e-02
  -4.5408759e-02
  -2.7005337e-02
   2.7973421e-02
   0.0000000e+00
  -3.2777395e-02
  -5.4107245e-02
  -6.1647512e-02
  -6.5218896e-02
  -5.6145277e-02
  -4.3923452e-02
  -4.7709148e-02
  -3.7310276e-02
  -5.9606377e-02
  -0.0000000e+00
  -0.0000000e+00
  -0.0000000e+00
  -0.0000000e+00
  -0.0000000e+00
  -0.0000000e+00
   1.9609112e-02
   1.0225245e-01
   0.0000000e+00
   0.0000000e+00
   0.0000000e+00
  -0.0000000e+00
  -0.0000000e+00
  -1.4842544e-02
  -9.4523804e-03
  -7.1665912e-03
  -1.5950130e-02
  -3.1038366e-02
  -3.0139027e-02
  -2.4674481e-02
  -1.9582748e-02
  -2.3536285e-02
  -2.8874920e-02
  -1.3362456e-02
  -1.1061778e-03
   1.2135200e-01
   0.0000000e+00
  -1.9389305e-02
  -9.7534624e-03
  -7.3718767e-03
  -2.0906735e-02
  -1.5700535e-02
  -1.1269235e-02
  -2.4846988e-02
  -2.0466534e-02
  -2.6519196e-02
  -0.0000000e+00
  -0.0000000e+00
  -0.0000000e+00
   0.0000000e+00
   0.0000000e+00
   0.0000000e+00
   4.3454372e-02
   1.2993941e-01
   0.0000000e+00
   0.0000000e+00
   0.0000000e+00
  -0.0000000e+00
  -0.0000000e+00
   2.0483527e-03
   2.5685888e-02
   3.5594616e-02
   2.6189860e-02
   1.7750887e-02
   1.9749831e-02
   1.9804595e-02
   1.2377535e-02
   8.9204870e-03
   8.9433985e-03
   1.4392700e-02
   1.8510299e-02
   1.7769662e-01
   0.0000000e+00
   3.9808755e-04
   3.3398889e-02
   3.5617888e-02
   2.7780442e-02
   2.6353022e-02
   1.7337726e-02
   3.7778863e-03
   2.5818562e-03
   3.1814296e-03
   0.0000000e+00
  -0.0000000e+00
   0.0000000e+00
   0.0000000e+00
   0.0000000e+00
   0.0000000e+00
   0.0000000e+00
   0.0000000e+00
   0.0000000e+00
   0.0000000e+00
   0.0000000e+00
  -0.0000000e+00
  -0.0000000e+00
   1.4432921e-02
   4.8780996e-02
   6.2659547e-02
   5.5645637e-02
   5.2894898e-02
   5.5521287e-02
   5.2565243e-02
   3.7181880e-02
   3.4094263e-02
   3.6591761e-02
   3.3216428e-02
   3.9598618e-02
   2.0370179e-01
   0.0000000e+00
   0.0000000e+00
   0.0000000e+00
   6.2983781e-02
   6.1731245e-02
   5.5006016e-02
   3.7077349e-02
   2.5276572e-02
   1.8756837e-02
   2.1826303e-02
   0.0000000e+00
  -0.0000000e+00
   3.2372866e-02
   5.8531687e-02
   0.0000000e+00
   0.0000000e+00
   0.0000000e+00
   0.0000000e+00
   0.0000000e+00
   0.0000000e+00
   0.0000000e+00
  -0.0000000e+00
  -0.0000000e+00
   0.0000000e+00
   6.2069218e-02
   7.1577370e-02
   8.3841613e-02
   9.2792647e-02
   9.5170675e-02
   9.3966972e-02
   7.5744439e-02
   7.3145103e-02
   7.0354958e-02
   4.7764627e-02
   1.0414566e-01
   0.0000000e+00
   0.0000000e+00
   0.0000000e+00
   0.0000000e+00
   7.3038883e-02
   9.3740238e-02
   7.7969094e-02
   5.4429605e-02
   5.4816078e-02
   3.4626075e-02
   2.6949633e-02
   3.3323558e-02
   2.6236666e-02
   2.8560722e-02
   7.4319211e-02
   1.3498112e-01
   0.0000000e+00
   0.0000000e+00
   0.0000000e+00
   0.0000000e+00
   0.0000000e+00
   0.0000000e+00
   0.0000000e+00
   0.0000000e+00
   0.0000000e+00
   2.9741418e-02
   3.5681181e-02
   6.3353926e-02
   7.5443916e-02
   7.3262654e-02
   8.1228442e-02
   7.5639352e-02
   6.7370765e-02
   5.2393559e-02
   3.3811171e-02
   7.5073525e-02
   0.0000000e+00
   0.0000000e+00
  -0.0000000e+00
   0.0000000e+00
   8.3721474e-02
   5.9688315e-02
   3.8339403e-02
   2.6150243e-02
   3.0786278e-02
   1.7017819e-02
   3.8102124e-02
   0.0000000e+00
   3.3653338e-02
   6.2294461e-02
   0.0000000e+00
   0.0000000e+00
  -0.0000000e+00
  -0.0000000e+00
   0.0000000e+00
   0.0000000e+00
   0.0000000e+00
   0.0000000e+00
   0.0000000e+00
   0.0000000e+00
   0.0000000e+00
   3.3204048e-04
   7.1589835e-05
   2.9050186e-02
   3.5084926e-02
   3.0273391e-02
   4.4972867e-02
   5.3871814e-02
   4.6138272e-02
   2.8016277e-02
   1.6486555e-02
   5.1581245e-02
   0.0000000e+00
  -0.0000000e+00
  -0.0000000e+00
   0.0000000e+00
   0.0000000e+00
   1.9407749e-02
  -6.1394922e-03
  -5.6843022e-03
   5.4576132e-03
   4.6688826e-03
   2.8203554e-02
   6.4957686e-02
   0.0000000e+00
   0.0000000e+00
   0.0000000e+00
   0.0000000e+00
  -0.0000000e+00
  -0.0000000e+00
   0.0000000e+00
   0.0000000e+00
   0.0000000e+00
   0.0000000e+00
   0.0000000e+00
   0.0000000e+00
  -0.0000000e+00
  -0.0000000e+00
  -3.6097519e-02
  -2.4695288e-02
  -3.2750115e-02
  -3.5288703e-02
  -9.7700926e-03
   1.5604520e-02
   1.4431315e-02
   2.0631764e-03
   6.3601905e-03
   3.7973650e-02
   0.0000000e+00
  -0.0000000e+00
  -0.0000000e+00
   0.0000000e+00
   0.0000000e+00
  -0.0000000e+00
  -4.8993278e-02
  -3.5640165e-02
  -2.0600826e-02
  -7.4871294e-03
   9.9065900e-04
   4.9600312e-03
   0.0000000e+00
   0.0000000e+00
  -0.0000000e+00
  -0.0000000e+00
  -0.0000000e+00
  -0.0000000e+00
   0.0000000e+00
   0.0000000e+00
   0.0000000e+00
   0.0000000e+00
   0.0000000e+00
  -0.0000000e+00
  -0.0000000e+00
  -0.0000000e+00
  -5.2218113e-02
  -7.8110069e-02
  -9.7811654e-02
  -8.8563278e-02
  -4.4807132e-02
  -1.1287111e-02
  -2.7428726e-03
  -1.5336134e-03
   2.7548928e-02
   0.0000000e+00
   0.0000000e+00
  -0.0000000e+00
   0.0000000e+00
   0.0000000e+00
  -0.0000000e+00
  -0.0000000e+00
  -5.5255402e-02
  -3.7856568e-02
  -3.4609284e-02
  -2.6698332e-02
  -2.4962418e-02
  -0.0000000e+00
  -0.0000000e+00
  -0.0000000e+00
  -0.0000000e+00
  -0.0000000e+00
   0.0000000e+00
   0.0000000e+00
   0.0000000e+00
   0.0000000e+00
   0.0000000e+00
   0.0000000e+00
  -0.0000000e+00
  -0.0000000e+00
  -0.0000000e+00
  -0.0000000e+00
  -0.0000000e+00
  -0.0000000e+00
  -7.2651461e-02
  -5.7301898e-02
  -3.1324774e-02
  -1.5092012e-02
  -7.6773432e-03
   3.3882989e-03
   0.0000000e+00
  -0.0000000e+00
  -0.0000000e+00
  -0.0000000e+00
   0.0000000e+00
   0.0000000e+00
  -0.0000000e+00
  -0.0000000e+00
  -4.4382427e-02
  -2.5111124e-02
  -3.4997430e-02
  -4.6854082e-02
  -3.7042558e-02
  -1.9464377e-02
   0.0000000e+00
   0.0000000e+00
  -0.0000000e+00
  -0.0000000e+00
   0.0000000e+00
   0.0000000e+00
   0.0000000e+00
   0.0000000e+00
   0.0000000e+00
   0.0000000e+00
  -0.0000000e+00
  -0.0000000e+00
  -0.0000000e+00
  -0.0000000e+00
  -0.0000000e+00
  -0.0000000e+00
  -0.0000000e+00
  -0.0000000e+00
  -0.0000000e+00
  -3.0109707e-02
  -0.0000000e+00
  -0.0000000e+00
  -0.0000000e+00
  -0.0000000e+00
  -0.0000000e+00
  -0.0000000e+00
  -0.0000000e+00
  -0.0000000e+00
  -0.0000000e+00
  -2.5655011e-02
  -1.4195809e-02
   0.0000000e+00
   0.0000000e+00
  -2.2601433e-02
  -3.5530165e-02
  -2.5063962e-02
   3.4227893e-03
   5.6622177e-03
  -0.0000000e+00
  -0.0000000e+00
   0.0000000e+00
   0.0000000e+00
  -0.0000000e+00
  -0.0000000e+00
  -0.0000000e+00
  -0.0000000e+00
  -2.6991982e-02
  -1.3069866e-02
  -1.0218038e-02
  -8.9054278e-03
  -8.2263400e-03
  -7.5944632e-03
  -5.8707600e-03
  -6.0536462e-03
  -8.3978542e-03
  -1.3151758e-02
  -1.5331915e-02
  -1.0327042e-02
  -7.3238522e-03
  -8.6742226e-03
  -5.3381064e-03
  -4.6871938e-03
  -1.8322066e-02
  -2.7998311e-02
  -1.5666856e-02
   7.3955531e-03
   0.0000000e+00
   0.0000000e+00
   0.0000000e+00
   0.0000000e+00
   2.5075400e-03
  -1.1255719e-02
  -1.5698866e-02
  -1.2857712e-02
  -6.6062277e-03
  -2.1335563e-03
  -2.7842859e-03
  -6.3899417e-03
  -9.4249041e-03
  -1.1085844e-02
  -2.1660148e-02
  -2.5042454e-02
