  5.598451e-01
  4.823015e-01
  4.504196e-01
  4.624232e-01
  4.418091e-01
  4.144816e-01
  3.910022e-01
  3.676398e-01
  3.454652e-01
  3.196242e-01
  2.820462e-01
  2.647989e-01
  2.557485e-01
  2.308429e-01
  2.444395e-01
  2.596911e-01
  3.131081e-01
  3.309896e-01
  3.410798e-01
  3.214536e-01
  2.701218e-01
  2.530854e-01
  2.394574e-01
  2.503483e-01
  2.516482e-01
  2.503631e-01
  2.856133e-01
  3.148353e-01
  3.726877e-01
  3.858417e-01
  4.165533e-01
  4.668755e-01
  5.149347e-01
  5.147652e-01
  5.660758e-01
  6.724992e-01
