   0.0000000e+00
   0.0000000e+00
   0.0000000e+00
   0.0000000e+00
   0.0000000e+00
   0.0000000e+00
   0.0000000e+00
   0.0000000e+00
   0.0000000e+00
   0.0000000e+00
   0.0000000e+00
   0.0000000e+00
   0.0000000e+00
   0.0000000e+00
   0.0000000e+00
   0.0000000e+00
   0.0000000e+00
   0.0000000e+00
   0.0000000e+00
   0.0000000e+00
   0.0000000e+00
   0.0000000e+00
  -0.0000000e+00
  -0.0000000e+00
  -0.0000000e+00
  -0.0000000e+00
  -0.0000000e+00
   0.0000000e+00
   0.0000000e+00
   0.0000000e+00
   0.0000000e+00
   0.0000000e+00
   0.0000000e+00
   0.0000000e+00
   0.0000000e+00
   0.0000000e+00
   0.0000000e+00
   2.1803526e-02
   1.7433634e-02
   1.2756163e-02
   2.8780328e-02
   2.3971582e-02
   3.6782898e-02
   3.3663470e-02
   1.9082483e-02
   5.8019795e-03
   2.6917364e-04
   6.9519933e-03
   1.6641073e-02
   2.2016929e-02
   2.7098347e-02
   2.5047377e-02
   1.5589547e-02
  -2.2507543e-03
  -1.7081976e-02
  -6.2118084e-03
   1.6396781e-02
   3.2800902e-02
   3.0321058e-02
   1.4245410e-02
   6.2990161e-03
   6.3921968e-03
   1.4292799e-02
   2.0561280e-02
   2.3240140e-02
   5.3996801e-02
   1.3475537e-01
   1.0445358e-01
   7.2559260e-02
   2.4968870e-02
   1.2013421e-02
   0.0000000e+00
  -1.0946386e-02
  -1.2586113e-02
  -1.8924100e-02
  -1.1476640e-02
   7.2921384e-03
   2.3428958e-02
   2.7422506e-02
   2.3621295e-02
   1.4215931e-02
   8.3175944e-03
   8.5060950e-03
   1.7081002e-02
   1.6643055e-02
   1.3723010e-02
   1.8122148e-02
   2.0371029e-02
   1.4240580e-02
  -9.4214659e-03
  -2.2465888e-02
  -1.3938713e-02
   1.9874392e-02
   4.6265684e-02
   4.6157509e-02
   2.8474413e-02
   6.9276779e-03
  -3.6744287e-03
  -3.0791606e-03
  -8.4455656e-03
  -1.8670404e-02
  -1.0666125e-02
   1.1089263e-02
   3.0307721e-02
   2.7356625e-02
   1.4618294e-02
  -3.5682619e-03
  -1.1043347e-02
  -3.7838814e-03
  -9.7379315e-04
   2.9004293e-03
   1.7102784e-02
   3.1657584e-02
   2.8809287e-02
   2.4126282e-02
   2.1638483e-02
   9.5097283e-03
   7.6209609e-03
   2.1441281e-02
   2.9028539e-02
   1.7581409e-02
   2.0613164e-02
   3.3201855e-02
   3.0095160e-02
   1.8517187e-02
  -6.5326281e-03
  -2.0107592e-02
  -5.1755682e-03
   3.8953383e-02
   5.0709873e-02
   3.9542366e-02
   2.0213218e-02
  -4.6440293e-03
  -1.0012278e-02
  -1.0721388e-03
  -7.5135734e-03
  -1.0883213e-02
   1.1526626e-02
   3.2344706e-02
   3.2353930e-02
   2.7041063e-02
   1.4087975e-02
  -4.0867021e-03
  -8.9424253e-03
   5.3021312e-03
  -2.1231098e-03
   3.9433653e-04
   1.3954749e-02
   2.1104051e-02
   1.8502498e-02
   2.2709241e-02
   2.0672757e-02
   3.7532151e-03
   6.6993120e-03
   3.1558156e-02
   2.7636144e-02
   9.0246331e-03
   1.4064998e-02
   2.6196368e-02
   1.7545639e-02
  -3.3504399e-04
  -2.0409610e-02
  -5.9454087e-02
  -0.0000000e+00
   4.2774543e-02
   5.0151829e-02
   3.0916225e-02
   1.0718364e-02
  -7.6715867e-03
  -8.7231258e-03
   6.3476531e-04
  -1.0482251e-02
  -9.0939514e-03
   2.1700414e-02
   4.0384002e-02
   2.9383153e-02
   1.1739317e-02
   7.8389916e-04
  -1.1055571e-02
  -4.8907981e-03
  -1.9585926e-03
  -1.3388722e-02
  -1.3083441e-02
  -3.5568506e-03
   5.8785975e-03
   7.5526419e-03
   1.3004748e-02
   6.3583255e-03
  -6.8514035e-03
   9.6162152e-04
   2.3160961e-02
   9.5333410e-03
  -1.1886347e-02
  -3.7850803e-03
   1.0532017e-02
   2.3419542e-04
  -1.6180750e-02
  -3.0576987e-02
  -6.4804681e-02
  -0.0000000e+00
   2.9544188e-02
   3.2309853e-02
   1.1037736e-02
  -7.0845792e-03
  -1.8852754e-02
  -1.9235821e-02
  -1.7113481e-02
  -2.3060624e-02
  -6.5514850e-03
   1.6917478e-02
   2.4926525e-02
   1.0858200e-02
  -6.6926470e-03
  -1.5176784e-02
  -1.9187586e-02
  -5.2446267e-03
  -1.2485296e-02
  -1.7029535e-02
  -1.5004515e-02
  -8.7697254e-03
   1.7255156e-03
   1.0938551e-03
   5.3057651e-05
  -1.0707829e-02
  -1.7305661e-02
  -7.6930826e-03
   7.6669455e-03
  -7.4896468e-03
  -2.7433636e-02
  -1.8289290e-02
  -2.3953589e-03
  -1.0737731e-02
  -2.3213767e-02
  -3.1613816e-02
  -4.3875299e-02
  -0.0000000e+00
   1.4933736e-02
   1.2183524e-02
  -7.4082324e-03
  -2.2934899e-02
  -2.8890563e-02
  -2.7650183e-02
  -2.7292401e-02
  -2.2856077e-02
   2.2747118e-03
   1.3479116e-02
   8.0877272e-03
  -6.6959676e-03
  -1.8589562e-02
  -2.4862600e-02
  -2.3863368e-02
  -8.7569226e-03
  -2.1441178e-02
  -5.7027837e-03
   3.7362515e-03
   8.6216529e-03
   0.0000000e+00
  -1.0134553e-03
  -1.5602318e-02
  -2.8019974e-02
  -2.7147344e-02
  -2.0078015e-02
  -1.2303264e-02
  -1.8703549e-02
  -3.1984502e-02
  -2.6274999e-02
  -1.2495501e-02
  -1.4533281e-02
  -2.2562074e-02
  -2.2620886e-02
  -2.0905867e-03
   0.0000000e+00
   2.6152516e-03
  -6.2538287e-03
  -2.1006778e-02
  -3.4071163e-02
  -3.3356221e-02
  -2.7098618e-02
  -1.6857225e-02
   2.4208773e-03
   2.0868735e-02
   1.7299689e-02
  -3.8789854e-03
  -1.8671629e-02
  -2.3268167e-02
  -2.6719956e-02
  -2.4520502e-02
  -1.5839201e-02
   1.4717142e-03
   6.1528809e-02
   4.8068523e-02
   0.0000000e+00
   0.0000000e+00
  -6.8335878e-03
  -2.0034889e-02
  -2.6632264e-02
  -2.7556431e-02
  -2.1916457e-02
  -1.0192648e-02
  -8.9430362e-03
  -1.8161470e-02
  -1.9045230e-02
  -9.6436413e-03
  -9.6131265e-03
  -6.3535981e-03
   4.8561059e-03
   3.3981383e-02
   0.0000000e+00
   0.0000000e+00
  -6.1519472e-03
  -1.1750986e-02
  -2.3008810e-02
  -2.3371309e-02
  -5.1629953e-03
   2.6716841e-02
   5.8439627e-02
   0.0000000e+00
   1.1549561e-02
  -7.4159652e-03
  -1.6887750e-02
  -1.6546652e-02
  -1.5299989e-02
  -1.1397174e-02
  -4.0732040e-03
   1.6627856e-02
   8.5227817e-02
   0.0000000e+00
   0.0000000e+00
  -0.0000000e+00
  -8.2278857e-03
  -1.7657466e-02
  -2.0575101e-02
  -2.1479219e-02
  -1.5436798e-02
  -2.1680987e-03
  -5.6104135e-04
  -1.0410720e-02
  -1.2779169e-02
  -4.4815140e-03
  -4.7476823e-03
   4.1528330e-03
   2.3783246e-02
   3.6873732e-02
   0.0000000e+00
   0.0000000e+00
  -6.8018218e-03
  -9.8268166e-03
  -1.6006710e-02
  -1.4577081e-02
   9.3366243e-03
   5.0767981e-02
   7.9854883e-02
   0.0000000e+00
   3.2261917e-03
  -9.9882754e-03
  -1.1320415e-02
  -9.5001245e-03
  -8.7428475e-03
  -5.0454694e-03
   3.7845285e-03
   3.7187850e-02
   1.0729324e-01
  -0.0000000e+00
  -0.0000000e+00
  -0.0000000e+00
  -8.9273557e-03
  -1.1855099e-02
  -9.8636070e-03
  -1.0153867e-02
  -2.9112085e-03
   1.1935127e-02
   1.1744298e-02
  -5.7252877e-04
  -3.5587118e-03
   4.1112338e-03
   2.6344815e-03
   1.8300943e-02
   4.9823811e-02
   3.0619051e-02
   0.0000000e+00
   0.0000000e+00
  -8.0315776e-03
  -9.2544918e-03
  -6.6610895e-03
  -1.5844843e-03
   2.9001121e-02
   8.1078165e-02
   1.0131403e-01
  -0.0000000e+00
  -1.0258847e-02
  -1.3590694e-02
  -1.6383713e-03
   1.3211184e-03
  -3.3164940e-04
   2.4403908e-03
   1.4480261e-02
   4.3536786e-02
   4.1304279e-02
  -0.0000000e+00
  -0.0000000e+00
  -0.0000000e+00
   2.4265903e-03
   2.9506343e-03
   2.6924312e-03
   4.9932702e-03
   1.2626871e-02
   2.0645298e-02
   1.7218571e-02
   8.7826634e-03
   1.0116705e-02
   1.6513040e-02
   1.9419100e-02
   3.9930806e-02
   5.9033573e-02
  -1.8079491e-02
  -0.0000000e+00
   0.0000000e+00
  -0.0000000e+00
  -5.7753222e-03
   5.3705946e-03
   1.5159916e-02
   4.9007110e-02
   6.6727616e-02
   0.0000000e+00
  -0.0000000e+00
  -2.5312258e-02
  -1.9301770e-02
   1.1619410e-02
   7.9163108e-03
   8.3275056e-03
   1.7116189e-02
   2.9885486e-02
   4.4447608e-02
   2.0418035e-02
  -0.0000000e+00
  -0.0000000e+00
  -1.6065212e-02
   7.8127580e-03
   9.1973692e-03
   8.2183937e-03
   1.1858732e-02
   1.9465396e-02
   2.4527401e-02
   2.0898288e-02
   1.4604866e-02
   1.7130453e-02
   2.2742724e-02
   2.7974110e-02
   4.8688747e-02
   5.8050163e-02
  -4.0549420e-02
  -0.0000000e+00
  -0.0000000e+00
  -0.0000000e+00
  -2.3244603e-03
   1.1480297e-02
   2.2208616e-02
   5.5165496e-02
   5.8061950e-02
   0.0000000e+00
  -0.0000000e+00
  -0.0000000e+00
  -1.5835907e-02
   1.7745642e-02
   1.1990968e-02
   1.4546977e-02
   2.5583481e-02
   3.7484959e-02
   3.8328862e-02
   9.7524757e-03
  -0.0000000e+00
  -0.0000000e+00
   1.1493842e-02
   2.1304899e-02
   2.1738927e-02
   2.0339638e-02
   2.7776434e-02
   3.4466417e-02
   3.3252787e-02
   3.4445062e-02
   3.4723655e-02
   3.6803892e-02
   3.9732907e-02
   5.1773391e-02
   6.4617778e-02
   3.4186729e-02
  -0.0000000e+00
  -0.0000000e+00
  -0.0000000e+00
  -0.0000000e+00
   1.3518141e-02
   2.8392237e-02
   3.6288432e-02
   5.7269201e-02
   2.8926392e-02
  -0.0000000e+00
  -0.0000000e+00
  -0.0000000e+00
   1.7535353e-02
   3.2439560e-02
   2.5980064e-02
   3.8569438e-02
   5.2812151e-02
   5.7686539e-02
   2.9740144e-02
   2.1880228e-02
  -0.0000000e+00
   0.0000000e+00
   1.3405970e-02
   1.8411214e-02
   2.0024776e-02
   1.9794047e-02
   2.6758622e-02
   3.3263028e-02
   3.3922546e-02
   3.8222589e-02
   3.9640550e-02
   4.2512376e-02
   4.4422437e-02
   5.3836886e-02
   5.6238499e-02
   3.6915682e-02
  -0.0000000e+00
  -0.0000000e+00
   0.0000000e+00
   0.0000000e+00
   2.4195028e-02
   3.4709875e-02
   3.7514590e-02
   4.9473140e-02
   2.0869579e-02
  -0.0000000e+00
  -0.0000000e+00
  -0.0000000e+00
   2.0506239e-02
   3.1528018e-02
   2.9188078e-02
   4.0766105e-02
   4.6986692e-02
   4.6797514e-02
   1.9003389e-02
   0.0000000e+00
   9.1304935e-03
   8.5759066e-03
   1.5796321e-02
   1.4793819e-02
   1.7881916e-02
   1.9112001e-02
   2.5486256e-02
   3.1758668e-02
   3.4759815e-02
   4.2944878e-02
   4.5787154e-02
   4.9648551e-02
   5.0284807e-02
   5.6416458e-02
   4.5763568e-02
   4.0327142e-02
  -0.0000000e+00
   0.0000000e+00
   0.0000000e+00
   0.0000000e+00
   3.7542205e-02
   4.2607553e-02
   3.9047407e-02
   3.9727290e-02
   1.0797759e-02
  -0.0000000e+00
  -0.0000000e+00
   0.0000000e+00
   2.4220138e-02
   3.0388508e-02
   3.3198411e-02
   4.3512162e-02
   3.9704289e-02
   3.3185147e-02
   1.1751797e-02
   0.0000000e+00
   2.5704864e-03
   5.9029402e-04
   6.2377495e-03
   3.3853361e-03
   5.3387028e-03
   5.6285993e-03
   8.9834016e-03
   1.3246781e-02
   1.6797647e-02
   2.1692796e-02
   2.2557922e-02
   2.9010229e-02
   3.2455027e-02
   3.2445248e-02
   2.1332132e-02
   2.3395084e-03
  -0.0000000e+00
   0.0000000e+00
  -0.0000000e+00
   0.0000000e+00
   2.6743393e-02
   2.9191351e-02
   3.1921633e-02
   3.0705089e-02
   2.6015874e-02
   0.0000000e+00
   0.0000000e+00
   0.0000000e+00
   1.6850786e-02
   1.5345807e-02
   1.8096946e-02
   1.7978786e-02
   1.4028705e-02
   1.0626282e-02
   0.0000000e+00
   0.0000000e+00
   6.2329124e-05
  -2.4629299e-03
   2.5831193e-03
  -9.7659047e-04
   5.4292319e-04
   4.7334715e-04
   2.6736886e-03
   6.1689346e-03
   9.9299805e-03
   1.3567262e-02
   1.3676440e-02
   2.1119359e-02
   2.5637977e-02
   2.3280082e-02
   1.1990997e-02
  -1.2184710e-02
  -0.0000000e+00
  -0.0000000e+00
  -0.0000000e+00
   1.6736921e-02
   2.2614567e-02
   2.4061793e-02
   2.9197158e-02
   2.7255531e-02
   3.1834375e-02
   0.0000000e+00
   0.0000000e+00
   0.0000000e+00
   1.4033183e-02
   9.5943697e-03
   1.2323042e-02
   8.2163398e-03
   4.2118843e-03
   2.0011097e-03
  -0.0000000e+00
  -0.0000000e+00
  -1.5444873e-02
  -2.2701366e-02
  -2.0197082e-02
  -2.1270826e-02
  -2.3895137e-02
  -2.6503995e-02
  -2.5041908e-02
  -2.6186336e-02
  -2.2822684e-02
  -1.8447105e-02
  -1.5322950e-02
  -7.0735244e-03
   5.9011695e-04
   1.3704874e-03
  -4.6972102e-03
  -1.0566039e-02
  -0.0000000e+00
  -0.0000000e+00
  -0.0000000e+00
  -6.7123878e-03
  -3.1226960e-03
   2.9839769e-03
   2.3901654e-02
   2.7983977e-02
   3.9826237e-02
   0.0000000e+00
   0.0000000e+00
   0.0000000e+00
   3.5669301e-02
  -4.2887353e-03
  -2.2841759e-03
   1.5650535e-04
  -6.9076143e-04
  -5.1367562e-03
  -0.0000000e+00
  -2.8690938e-02
  -2.2057557e-02
  -2.6535692e-02
  -2.6900930e-02
  -2.7212897e-02
  -3.0037273e-02
  -3.2674272e-02
  -3.2533161e-02
  -3.5576019e-02
  -3.2064471e-02
  -2.8398588e-02
  -2.4947794e-02
  -1.7875601e-02
  -4.9977554e-03
  -1.2369697e-04
  -6.5573165e-03
  -1.3317792e-02
  -0.0000000e+00
  -0.0000000e+00
  -2.6687184e-02
  -1.6859509e-02
  -1.2184901e-02
  -4.3154703e-03
   2.7391782e-02
   3.1287204e-02
   2.6139967e-02
   0.0000000e+00
   0.0000000e+00
   0.0000000e+00
   3.8241640e-02
  -7.1634739e-03
  -5.0677136e-03
   3.0882258e-03
   3.7287204e-03
  -3.9651054e-03
  -0.0000000e+00
  -4.3840160e-02
  -4.1319132e-02
  -3.7234178e-02
  -4.6132895e-02
  -4.4255195e-02
  -4.7508679e-02
  -5.0124249e-02
  -5.3929541e-02
  -6.2494348e-02
  -5.8520882e-02
  -5.7022664e-02
  -5.2714472e-02
  -4.9220492e-02
  -2.0774847e-02
  -3.7064361e-03
  -1.1460109e-02
  -2.1670640e-02
  -0.0000000e+00
  -0.0000000e+00
  -3.9433857e-02
  -4.6430750e-02
  -3.8393934e-02
  -2.5411883e-02
   3.8121498e-02
   0.0000000e+00
  -0.0000000e+00
  -0.0000000e+00
  -0.0000000e+00
   0.0000000e+00
   0.0000000e+00
  -1.5238475e-02
  -1.2837845e-02
   1.2252244e-02
   1.7240192e-02
  -1.3897618e-04
   0.0000000e+00
  -1.5708331e-02
  -2.9938836e-02
  -3.5040434e-02
  -4.5703862e-02
  -4.4466782e-02
  -4.6276905e-02
  -4.8206724e-02
  -5.3149357e-02
  -5.8283404e-02
  -5.2465629e-02
  -5.6107383e-02
  -5.2798029e-02
  -5.9269071e-02
  -2.7653959e-02
  -1.3894971e-03
  -2.7562581e-02
  -5.3378597e-02
  -0.0000000e+00
  -6.9117911e-02
  -4.5851547e-02
  -5.5018138e-02
  -4.8226036e-02
  -4.7994293e-02
  -3.7281737e-02
  -0.0000000e+00
  -0.0000000e+00
  -0.0000000e+00
  -0.0000000e+00
   0.0000000e+00
   0.0000000e+00
  -1.5396932e-02
  -1.6152127e-02
   3.3450101e-02
   2.4423424e-02
   2.1571204e-02
   0.0000000e+00
   9.3707944e-03
  -1.9793461e-02
  -3.3084746e-02
  -4.5321383e-02
  -4.4655411e-02
  -4.5178792e-02
  -4.6497266e-02
  -5.2453831e-02
  -5.4529406e-02
  -4.7067453e-02
  -5.5291423e-02
  -5.2872508e-02
  -6.8227235e-02
  -3.3786588e-02
   6.7602123e-04
  -4.1917703e-02
  -0.0000000e+00
  -1.8823304e-02
  -3.3442879e-02
  -5.1572836e-02
  -6.2673672e-02
  -5.6991214e-02
  -6.8126190e-02
  -1.0450266e-01
  -0.0000000e+00
  -0.0000000e+00
  -0.0000000e+00
  -0.0000000e+00
  -0.0000000e+00
   0.0000000e+00
  -1.5538194e-02
  -1.9106759e-02
   5.2347691e-02
   3.0827177e-02
   4.0925524e-02
   0.0000000e+00
   3.7701823e-02
   4.9659545e-03
  -2.0369396e-02
  -3.1042334e-02
  -3.0363662e-02
  -3.2011993e-02
  -3.3806305e-02
  -3.7626505e-02
  -3.4913607e-02
  -2.6548915e-02
  -3.5127498e-02
  -3.3663251e-02
  -5.0143711e-02
  -2.9041296e-02
   7.1111664e-02
   0.0000000e+00
  -1.7545899e-02
  -5.2257031e-03
  -1.9296609e-02
  -3.2674555e-02
  -3.5487380e-02
  -3.9285533e-02
  -6.3092068e-02
  -8.7004095e-02
  -0.0000000e+00
  -0.0000000e+00
  -0.0000000e+00
  -0.0000000e+00
  -0.0000000e+00
   0.0000000e+00
   6.2140916e-04
  -5.6369644e-02
   0.0000000e+00
   5.3390689e-02
   1.1350860e-01
   0.0000000e+00
   4.5958970e-02
   1.2696755e-02
  -1.3650727e-02
  -2.3782501e-02
  -2.3355192e-02
  -2.5304543e-02
  -2.7221194e-02
  -3.0891258e-02
  -2.9383574e-02
  -1.9683050e-02
  -2.7809978e-02
  -2.8688187e-02
  -4.3971539e-02
  -2.5916032e-02
   0.0000000e+00
   3.0037738e-02
   7.4052322e-04
   2.1570593e-03
  -1.3007460e-02
  -2.5032219e-02
  -2.6464533e-02
  -3.2908801e-02
  -5.7893597e-02
  -7.4794009e-02
  -0.0000000e+00
  -0.0000000e+00
  -0.0000000e+00
  -0.0000000e+00
  -0.0000000e+00
   0.0000000e+00
   4.4129342e-03
  -6.7217998e-02
   0.0000000e+00
   0.0000000e+00
   0.0000000e+00
   0.0000000e+00
   0.0000000e+00
   2.4789502e-02
   3.5261151e-03
  -5.6307569e-03
  -6.2160253e-03
  -8.5143897e-03
  -1.0558766e-02
  -1.5247934e-02
  -2.2176088e-02
  -7.8292697e-03
  -1.3885443e-02
  -2.3387107e-02
  -3.3041235e-02
  -1.7040294e-02
   0.0000000e+00
   3.7819313e-02
   2.5153030e-02
   2.1315445e-02
   1.3717624e-03
  -8.8530228e-03
  -1.1054653e-02
  -2.0876138e-02
  -4.0964403e-02
  -3.9329015e-02
  -0.0000000e+00
  -0.0000000e+00
  -0.0000000e+00
  -0.0000000e+00
  -0.0000000e+00
  -0.0000000e+00
   7.3015183e-03
  -8.2279402e-02
  -0.0000000e+00
   0.0000000e+00
   0.0000000e+00
   0.0000000e+00
  -0.0000000e+00
   1.0142254e-02
   5.3767436e-03
   3.1045540e-03
   3.6999898e-03
  -4.2413236e-04
  -2.1525277e-03
  -6.4164186e-03
  -1.6603725e-02
  -3.1977140e-03
  -7.3039923e-03
  -2.2882590e-02
  -2.8403655e-02
  -5.1351329e-03
   0.0000000e+00
   6.0812302e-02
   4.5810059e-02
   2.5204049e-02
   1.1646205e-02
  -8.5292821e-04
  -4.5128837e-03
  -1.3833623e-02
  -3.2173511e-02
  -1.7971052e-02
   0.0000000e+00
  -0.0000000e+00
  -0.0000000e+00
  -0.0000000e+00
  -0.0000000e+00
  -0.0000000e+00
  -0.0000000e+00
  -0.0000000e+00
   0.0000000e+00
   0.0000000e+00
   0.0000000e+00
  -0.0000000e+00
  -0.0000000e+00
  -1.2290867e-03
   5.2318089e-03
   8.5798185e-03
   1.0651679e-02
   5.8457023e-03
   3.7845881e-03
   3.6030219e-04
  -1.1025574e-02
   4.6538454e-04
  -1.8859408e-03
  -2.0344796e-02
  -2.5030948e-02
   5.5538742e-03
   0.0000000e+00
   0.0000000e+00
   0.0000000e+00
   2.4964584e-02
   1.9210396e-02
   5.4424303e-03
   1.5652095e-04
  -7.6695993e-03
  -2.4525659e-02
  -4.9065691e-03
   0.0000000e+00
  -0.0000000e+00
  -4.1350622e-02
  -7.1166255e-02
  -0.0000000e+00
  -0.0000000e+00
  -0.0000000e+00
  -0.0000000e+00
   0.0000000e+00
   0.0000000e+00
   0.0000000e+00
  -0.0000000e+00
  -0.0000000e+00
  -0.0000000e+00
  -3.5579507e-03
   1.0027971e-02
   1.7428812e-02
   1.5544446e-02
   9.8356447e-03
   1.0476586e-02
   4.4357700e-03
   6.5316004e-03
   8.2174670e-03
  -4.7745180e-03
  -2.1014403e-02
   0.0000000e+00
   0.0000000e+00
   0.0000000e+00
   0.0000000e+00
   6.9489135e-03
   2.8750620e-02
   1.5698109e-02
   5.2078781e-03
   5.6958984e-03
  -8.1658881e-03
  -3.6148226e-03
  -1.9232274e-03
  -6.1786838e-03
  -4.2103385e-03
  -4.8701980e-03
  -9.1250740e-03
  -0.0000000e+00
  -0.0000000e+00
   0.0000000e+00
   0.0000000e+00
   0.0000000e+00
  -0.0000000e+00
  -0.0000000e+00
  -0.0000000e+00
  -0.0000000e+00
  -1.3678499e-02
  -2.2877147e-03
   8.4078237e-03
   1.6359799e-02
   8.2926983e-03
   1.0798454e-02
   1.4184266e-02
   9.8612029e-03
   1.4500397e-02
   5.3328355e-03
  -6.9495803e-03
   0.0000000e+00
  -0.0000000e+00
  -0.0000000e+00
  -0.0000000e+00
  -1.7404536e-02
   2.8713755e-02
   2.5583012e-02
   6.5656863e-03
   2.7485730e-03
  -8.7682903e-04
   1.2613281e-03
   0.0000000e+00
   9.7138208e-04
   1.6084863e-02
   0.0000000e+00
   0.0000000e+00
  -0.0000000e+00
  -0.0000000e+00
   0.0000000e+00
   0.0000000e+00
   0.0000000e+00
  -0.0000000e+00
  -0.0000000e+00
  -0.0000000e+00
  -0.0000000e+00
  -2.4289161e-02
  -2.1822752e-02
  -9.7953361e-03
   6.4444998e-03
  -1.8966669e-03
  -2.1018763e-03
   8.6009298e-03
   9.0443790e-03
   1.6430872e-02
   1.1461039e-02
  -1.4989916e-03
  -0.0000000e+00
  -0.0000000e+00
  -0.0000000e+00
  -0.0000000e+00
  -0.0000000e+00
   2.2587007e-02
   2.8596198e-02
   1.8825314e-03
  -9.6071735e-03
  -5.1190858e-03
  -2.8811404e-03
  -1.0442086e-02
  -0.0000000e+00
   0.0000000e+00
   0.0000000e+00
  -0.0000000e+00
  -0.0000000e+00
  -0.0000000e+00
  -0.0000000e+00
   0.0000000e+00
   0.0000000e+00
  -0.0000000e+00
  -0.0000000e+00
  -0.0000000e+00
  -0.0000000e+00
  -0.0000000e+00
  -4.7324169e-02
  -3.6176108e-02
  -1.4626857e-02
  -2.3041094e-02
  -2.8451543e-02
  -1.2138734e-02
   2.6404096e-03
   1.5343544e-02
   2.0374808e-02
   4.7003236e-03
  -0.0000000e+00
  -0.0000000e+00
  -0.0000000e+00
  -0.0000000e+00
  -0.0000000e+00
   0.0000000e+00
   2.7192984e-02
  -4.7555598e-03
  -2.6874876e-02
  -1.7626386e-02
  -1.9202625e-02
  -4.3055627e-02
  -0.0000000e+00
  -0.0000000e+00
   0.0000000e+00
  -0.0000000e+00
  -0.0000000e+00
  -0.0000000e+00
  -0.0000000e+00
  -0.0000000e+00
   0.0000000e+00
   0.0000000e+00
  -0.0000000e+00
  -0.0000000e+00
  -0.0000000e+00
  -0.0000000e+00
  -5.9418283e-02
  -5.2532136e-02
  -3.6711916e-02
  -5.1496759e-02
  -6.0060300e-02
  -4.5907799e-02
  -9.6346233e-03
   1.6418133e-02
   4.3764260e-02
   0.0000000e+00
  -0.0000000e+00
  -0.0000000e+00
  -0.0000000e+00
  -0.0000000e+00
  -0.0000000e+00
   0.0000000e+00
   2.3953483e-02
  -5.4877144e-03
  -3.3435978e-02
  -2.5249222e-02
  -4.0095024e-02
  -0.0000000e+00
  -0.0000000e+00
  -0.0000000e+00
  -0.0000000e+00
  -0.0000000e+00
  -0.0000000e+00
  -0.0000000e+00
  -0.0000000e+00
   0.0000000e+00
   0.0000000e+00
   0.0000000e+00
  -0.0000000e+00
  -0.0000000e+00
  -0.0000000e+00
  -0.0000000e+00
  -0.0000000e+00
  -0.0000000e+00
  -3.2418869e-02
  -6.4864516e-02
  -8.0253117e-02
  -8.9394577e-02
  -2.4274960e-02
   1.9981885e-02
   0.0000000e+00
   0.0000000e+00
  -0.0000000e+00
  -0.0000000e+00
  -0.0000000e+00
  -0.0000000e+00
  -0.0000000e+00
   0.0000000e+00
   6.2388433e-03
  -2.0815168e-02
  -4.0821318e-02
  -2.6017051e-02
  -1.8467287e-02
  -1.9853823e-02
  -0.0000000e+00
  -0.0000000e+00
  -0.0000000e+00
  -0.0000000e+00
  -0.0000000e+00
  -0.0000000e+00
  -0.0000000e+00
   0.0000000e+00
   0.0000000e+00
  -0.0000000e+00
   0.0000000e+00
  -0.0000000e+00
  -0.0000000e+00
  -0.0000000e+00
  -0.0000000e+00
  -0.0000000e+00
  -0.0000000e+00
  -0.0000000e+00
  -0.0000000e+00
  -8.4052771e-02
  -0.0000000e+00
  -0.0000000e+00
  -0.0000000e+00
  -0.0000000e+00
  -0.0000000e+00
  -0.0000000e+00
  -0.0000000e+00
  -0.0000000e+00
  -0.0000000e+00
  -5.3446749e-03
  -4.4243620e-03
  -0.0000000e+00
  -0.0000000e+00
  -4.6080921e-02
  -3.8578309e-02
  -2.5067130e-02
  -2.5336228e-02
  -3.9716560e-02
  -0.0000000e+00
  -0.0000000e+00
  -0.0000000e+00
  -0.0000000e+00
  -0.0000000e+00
   0.0000000e+00
   0.0000000e+00
   0.0000000e+00
   1.5910481e-02
   5.7560813e-03
   1.9355956e-03
  -1.4188365e-03
  -1.5262705e-03
  -5.2075232e-04
  -4.2789558e-03
  -1.3938019e-02
  -1.5557113e-02
  -1.6083263e-02
  -1.2525981e-02
  -6.4251817e-03
  -4.1085224e-03
  -5.0021443e-03
  -2.2107599e-03
  -2.4503327e-03
   1.4997120e-03
   1.6925938e-02
   1.9855727e-02
   3.2051582e-02
   0.0000000e+00
   0.0000000e+00
  -0.0000000e+00
  -0.0000000e+00
  -3.4154193e-02
  -3.1386302e-02
  -1.9071877e-02
  -1.3285821e-02
  -1.2367975e-02
  -1.2093977e-02
  -1.4794787e-02
  -1.7315966e-02
  -9.5472822e-03
  -4.6561103e-04
   1.1367480e-02
   1.7336176e-02
