   0.0000000e+00
   0.0000000e+00
   0.0000000e+00
   0.0000000e+00
   0.0000000e+00
   0.0000000e+00
   0.0000000e+00
   0.0000000e+00
  -0.0000000e+00
  -0.0000000e+00
  -0.0000000e+00
  -0.0000000e+00
  -0.0000000e+00
  -0.0000000e+00
  -0.0000000e+00
  -0.0000000e+00
  -0.0000000e+00
  -0.0000000e+00
  -0.0000000e+00
  -0.0000000e+00
  -0.0000000e+00
  -0.0000000e+00
  -0.0000000e+00
  -0.0000000e+00
  -0.0000000e+00
  -0.0000000e+00
  -0.0000000e+00
  -0.0000000e+00
  -0.0000000e+00
  -0.0000000e+00
  -0.0000000e+00
  -0.0000000e+00
  -0.0000000e+00
  -0.0000000e+00
   0.0000000e+00
   0.0000000e+00
  -0.0000000e+00
   9.8488443e-03
   1.6846266e-02
   3.5306238e-02
   4.7514934e-02
   5.4443154e-02
   3.9477251e-02
  -4.1442914e-03
  -1.9202940e-02
  -2.1833135e-02
  -1.5383471e-02
  -1.0579492e-02
  -3.4584537e-02
  -4.2813178e-02
  -3.8142134e-02
  -2.7081322e-02
  -4.0013622e-02
  -3.6885176e-02
  -3.3911631e-02
  -1.7734692e-02
  -5.5904279e-04
  -2.9037169e-03
  -1.0692455e-02
  -1.7543547e-02
  -6.9170676e-02
  -7.1886033e-02
  -5.6661010e-02
  -6.0269289e-02
  -7.6545216e-02
  -5.7814259e-02
  -9.2785239e-02
  -1.1372736e-01
  -1.3485619e-01
  -6.4418182e-02
  -8.2088329e-02
  -0.0000000e+00
   4.3235258e-03
   9.6165268e-03
   1.1559601e-02
   8.6725298e-03
  -9.5048803e-05
  -1.7038390e-02
  -3.5132471e-02
  -4.1160304e-02
  -3.6792319e-02
  -2.6007613e-02
  -1.6000643e-02
  -1.2722514e-02
  -1.8703574e-02
  -2.3764186e-02
  -2.1031249e-02
  -1.5890675e-02
  -1.4629530e-02
  -1.5936380e-02
  -1.4338292e-02
  -1.2748915e-02
  -2.9978245e-03
   3.4162302e-03
  -5.2854717e-03
  -1.5710963e-02
  -2.0203533e-02
  -2.2113306e-02
  -2.0085206e-02
  -1.8525677e-02
  -1.9935079e-02
  -7.7172387e-03
   3.2648426e-03
   1.0667020e-03
  -1.2170762e-02
  -1.6284643e-02
  -1.4832849e-02
  -5.2246870e-03
  -1.5659105e-02
  -2.1289032e-02
  -2.3325766e-02
  -2.5928386e-02
  -2.6409095e-02
  -3.1176481e-02
  -3.9354749e-02
  -3.9952002e-02
  -4.0064342e-02
  -4.3193310e-02
  -4.4922698e-02
  -4.4012684e-02
  -4.3229096e-02
  -3.5743814e-02
  -2.5440075e-02
  -2.6579101e-02
  -3.0266941e-02
  -2.9467676e-02
  -2.5781542e-02
  -2.6089257e-02
  -2.0323275e-02
  -1.2003446e-02
  -1.5171234e-02
  -1.7074058e-02
  -2.0950375e-02
  -2.0313459e-02
  -7.8063915e-03
   2.9260362e-03
   1.1682608e-03
  -3.8616625e-03
  -9.2794169e-03
  -1.8834207e-02
  -2.8927911e-02
  -2.5770590e-02
  -1.6887138e-02
  -1.2216606e-02
  -2.7120730e-02
  -3.8139157e-02
  -4.1499753e-02
  -4.3367248e-02
  -3.9082602e-02
  -3.0994076e-02
  -2.6471591e-02
  -2.3295408e-02
  -3.0835288e-02
  -4.4503853e-02
  -4.8792418e-02
  -5.1387269e-02
  -4.6764150e-02
  -3.1002995e-02
  -1.5024803e-02
  -1.4725122e-02
  -2.3119157e-02
  -2.2360248e-02
  -1.4975294e-02
  -0.0000000e+00
  -2.6717221e-02
  -1.4957931e-02
  -1.0505689e-02
  -7.3614821e-04
  -1.4351179e-04
  -1.1850291e-02
  -4.7898400e-03
   5.8230553e-03
   3.1022409e-03
  -8.5878549e-03
  -1.7382544e-02
  -2.7745135e-02
  -3.4019567e-02
  -3.0444175e-02
  -1.9599244e-02
  -1.8458959e-02
  -7.2139362e-03
  -1.4469510e-02
  -1.6337339e-02
  -1.6615732e-02
  -1.5895791e-02
  -1.2301232e-02
  -4.2621586e-03
  -1.7080099e-03
  -5.8799358e-03
  -1.6281648e-02
  -1.2737549e-02
  -1.3246445e-02
  -1.7103853e-02
  -1.6557595e-02
  -1.5679703e-03
   1.3450454e-02
   1.3062086e-02
   1.1819694e-02
   2.3294935e-02
  -0.0000000e+00
  -1.4509265e-02
  -6.0343748e-04
   4.4281543e-03
   2.5207670e-02
   3.3377863e-02
   2.2688923e-02
   2.4338119e-02
   2.6193783e-02
   1.8370846e-02
   7.9459930e-03
   5.2348403e-03
   3.8818349e-03
   1.8063991e-03
   5.7606832e-03
   5.2876971e-03
  -2.0404775e-03
   5.6903162e-02
   5.4615705e-02
   4.7598552e-02
   4.4826766e-02
   4.5009778e-02
   3.5985825e-02
   3.9453632e-02
   4.9180933e-02
   5.8357048e-02
   5.3492757e-02
   6.1818490e-02
   6.2210826e-02
   5.7557174e-02
   4.4626693e-02
   5.8504702e-02
   8.0837571e-02
   8.3859002e-02
   7.2804120e-02
   1.5514768e-01
   0.0000000e+00
   1.8942282e-02
   4.9337534e-02
   6.3483853e-02
   8.0395378e-02
   9.1096119e-02
   9.2872384e-02
   9.6946570e-02
   8.7765479e-02
   7.7839573e-02
   5.8863166e-02
   6.2654119e-02
   7.6213299e-02
   8.3745103e-02
   8.2109581e-02
   6.9498661e-02
   5.8473043e-02
   9.4667971e-02
   8.3012022e-02
   6.0943220e-02
   5.9778761e-02
   0.0000000e+00
   4.3511406e-02
   5.4143831e-02
   6.7650110e-02
   8.5657313e-02
   8.8264927e-02
   1.0236977e-01
   1.0955326e-01
   1.0968053e-01
   9.4037056e-02
   1.0299966e-01
   1.0603021e-01
   1.0860913e-01
   8.7646365e-02
   9.4751462e-02
   0.0000000e+00
   3.6927000e-02
   6.7421556e-02
   8.8127114e-02
   1.0026841e-01
   1.0330854e-01
   1.0985156e-01
   1.0448440e-01
   7.9024829e-02
   7.2138473e-02
   6.0696602e-02
   8.0936700e-02
   1.0616468e-01
   1.1514851e-01
   1.1936972e-01
   1.1315805e-01
   1.0351732e-01
   9.5080808e-02
   9.3107201e-02
   7.3638581e-02
   0.0000000e+00
   0.0000000e+00
   5.4321676e-02
   5.4256029e-02
   6.4609908e-02
   8.2634427e-02
   8.7682962e-02
   1.0317896e-01
   1.1221966e-01
   1.1368247e-01
   9.5815621e-02
   1.0321028e-01
   9.6874505e-02
   9.9509992e-02
   7.4674182e-02
   5.9975952e-02
   0.0000000e+00
   0.0000000e+00
   5.5128790e-02
   7.6235466e-02
   8.9392900e-02
   8.8156238e-02
   9.0241134e-02
   7.5897358e-02
   5.3612400e-02
   0.0000000e+00
   4.5840096e-02
   7.1477100e-02
   9.9040262e-02
   1.0924719e-01
   1.1301269e-01
   1.1157107e-01
   1.0689863e-01
   7.3756305e-02
   9.5120564e-02
   0.0000000e+00
   0.0000000e+00
   0.0000000e+00
   6.9859833e-02
   4.5871716e-02
   4.8201001e-02
   6.1092786e-02
   6.6273744e-02
   8.0955924e-02
   8.9450567e-02
   9.0580711e-02
   7.0199527e-02
   7.7576789e-02
   6.5253578e-02
   6.8252179e-02
   4.2067038e-02
   3.1154630e-02
   0.0000000e+00
   0.0000000e+00
   2.1878933e-02
   3.9889421e-02
   5.7710862e-02
   5.3065937e-02
   4.4140108e-02
   1.8760716e-02
   1.1851417e-02
   0.0000000e+00
   1.7365294e-02
   4.3336859e-02
   6.8382920e-02
   7.9996646e-02
   7.9496405e-02
   8.3110614e-02
   8.6792155e-02
   1.0792649e-02
   4.2978786e-02
   0.0000000e+00
   0.0000000e+00
   0.0000000e+00
   4.5968350e-02
   2.3787580e-02
   1.2460966e-02
   9.0115992e-03
   4.1837618e-03
   9.7087156e-03
   1.4165425e-02
   1.7609227e-02
   3.1330688e-03
   7.1518188e-03
   4.1590747e-03
   9.2715584e-03
  -1.3356819e-02
   1.6164528e-03
   0.0000000e+00
  -0.0000000e+00
  -2.1661837e-02
  -9.4234161e-03
   5.5712140e-03
  -4.3553389e-03
  -1.9874360e-02
  -4.0599987e-02
  -6.0348664e-03
  -0.0000000e+00
  -5.4199047e-02
   6.8766274e-04
   1.0257071e-02
   1.4598183e-02
   9.3736080e-03
   9.8350793e-03
   1.1520944e-02
  -1.3752200e-02
   2.1825070e-02
   0.0000000e+00
   0.0000000e+00
   0.0000000e+00
   2.5126627e-02
   6.7511713e-03
  -6.2081967e-03
  -1.4099235e-02
  -2.1453194e-02
  -2.0308504e-02
  -1.5644934e-02
  -9.4763599e-03
  -2.1407448e-02
  -2.1120463e-02
  -2.2340570e-02
  -2.0000370e-02
  -3.7267942e-02
  -3.0393284e-03
   0.0000000e+00
  -0.0000000e+00
  -0.0000000e+00
  -2.1765672e-02
  -1.1583136e-02
  -2.3247994e-02
  -3.9084226e-02
  -5.1465601e-02
   0.0000000e+00
  -0.0000000e+00
  -7.8897089e-02
  -3.2649260e-02
  -1.1001275e-02
  -7.9426635e-03
  -1.4149155e-02
  -1.7171344e-02
  -1.8195217e-02
  -4.9741100e-02
  -1.0168650e-02
   0.0000000e+00
  -0.0000000e+00
  -3.1708867e-02
  -1.9044340e-02
  -2.8179058e-02
  -3.9174756e-02
  -5.1301305e-02
  -6.0735023e-02
  -6.6969930e-02
  -5.9900218e-02
  -4.7584143e-02
  -5.5496442e-02
  -6.3541529e-02
  -6.4364119e-02
  -7.0335097e-02
  -7.5049803e-02
  -1.7672553e-03
   0.0000000e+00
  -0.0000000e+00
  -0.0000000e+00
  -3.1737695e-02
  -3.2991570e-02
  -4.6826666e-02
  -6.0467833e-02
  -5.2904127e-02
   0.0000000e+00
   0.0000000e+00
  -0.0000000e+00
  -1.0126102e-01
  -4.0517596e-02
  -3.7506299e-02
  -4.4137393e-02
  -5.4929622e-02
  -6.2207574e-02
  -6.1025191e-02
  -1.4868723e-02
   0.0000000e+00
  -0.0000000e+00
  -3.5710134e-02
  -4.0594451e-02
  -4.7232337e-02
  -5.4232821e-02
  -6.8754219e-02
  -7.6802701e-02
  -8.4127337e-02
  -7.6004229e-02
  -6.8518236e-02
  -7.2239913e-02
  -8.1366114e-02
  -8.0020025e-02
  -8.4284954e-02
  -6.4947732e-02
   0.0000000e+00
   0.0000000e+00
  -0.0000000e+00
  -0.0000000e+00
  -7.2605431e-02
  -4.9828745e-02
  -5.8656055e-02
  -5.6297183e-02
  -3.3371042e-02
   0.0000000e+00
  -0.0000000e+00
  -0.0000000e+00
  -8.7754361e-02
  -5.9311610e-02
  -5.6086272e-02
  -6.1981298e-02
  -7.0907287e-02
  -7.7400394e-02
  -6.7559669e-02
  -1.7590479e-02
   0.0000000e+00
  -0.0000000e+00
  -3.8027220e-02
  -5.3073853e-02
  -5.8265854e-02
  -6.2952768e-02
  -7.8860989e-02
  -8.6107286e-02
  -9.4062993e-02
  -8.5329867e-02
  -8.0640920e-02
  -8.1935851e-02
  -9.1688114e-02
  -8.9086158e-02
  -9.2363147e-02
  -5.9097750e-02
   0.0000000e+00
  -0.0000000e+00
  -0.0000000e+00
  -0.0000000e+00
  -9.6271434e-02
  -5.9578947e-02
  -6.5506299e-02
  -5.3882001e-02
  -2.2059674e-02
   0.0000000e+00
  -0.0000000e+00
  -0.0000000e+00
  -7.9932812e-02
  -7.0194992e-02
  -6.6845704e-02
  -7.2314487e-02
  -8.0159761e-02
  -8.6198366e-02
  -3.7553359e-02
  -0.0000000e+00
  -1.8211400e-02
  -2.3127211e-02
  -3.1789675e-02
  -3.7151810e-02
  -3.8694102e-02
  -4.1080520e-02
  -5.4256815e-02
  -5.8769852e-02
  -6.7788072e-02
  -6.9749154e-02
  -7.9886012e-02
  -7.8666739e-02
  -8.3749279e-02
  -7.5425215e-02
  -5.6508083e-02
  -1.9463653e-02
  -0.0000000e+00
  -0.0000000e+00
  -0.0000000e+00
  -0.0000000e+00
  -1.1736806e-01
  -6.6023476e-02
  -6.7186788e-02
  -4.8855290e-02
  -1.5764792e-02
   0.0000000e+00
  -0.0000000e+00
  -0.0000000e+00
  -7.7433079e-02
  -5.3436924e-02
  -5.5518512e-02
  -6.7003362e-02
  -6.1896592e-02
  -4.8874263e-02
  -2.9646838e-02
  -0.0000000e+00
  -1.7222749e-02
  -2.0252235e-02
  -2.8641004e-02
  -3.2315690e-02
  -3.3651389e-02
  -3.6194239e-02
  -4.7113001e-02
  -5.0867245e-02
  -5.9221361e-02
  -6.1396193e-02
  -6.9778122e-02
  -6.7439161e-02
  -7.1917914e-02
  -6.5127000e-02
  -4.7223616e-02
  -1.6939683e-02
  -0.0000000e+00
  -0.0000000e+00
  -0.0000000e+00
  -0.0000000e+00
  -9.8947607e-02
  -5.6609482e-02
  -5.7749692e-02
  -4.2455770e-02
  -1.2321610e-02
   0.0000000e+00
  -0.0000000e+00
  -0.0000000e+00
  -6.7842282e-02
  -4.3371569e-02
  -4.5821637e-02
  -5.5531032e-02
  -4.9892560e-02
  -3.8138095e-02
  -0.0000000e+00
  -0.0000000e+00
  -9.6099624e-03
  -1.6138495e-02
  -1.8971928e-02
  -1.8761910e-02
  -2.0126035e-02
  -2.3683236e-02
  -2.7313454e-02
  -2.8989203e-02
  -3.4817506e-02
  -3.5547831e-02
  -3.4796887e-02
  -2.9080120e-02
  -3.2415258e-02
  -3.2124130e-02
  -2.2284433e-02
  -1.6273398e-02
  -0.0000000e+00
  -0.0000000e+00
  -0.0000000e+00
  -4.1412646e-02
  -3.0601655e-02
  -2.2567620e-02
  -2.4602041e-02
  -2.1238862e-02
  -1.6405236e-03
   0.0000000e+00
  -0.0000000e+00
  -0.0000000e+00
  -3.5015395e-02
  -1.1811658e-02
  -1.4431701e-02
  -1.6738886e-02
  -1.1901565e-02
  -8.4531798e-03
  -0.0000000e+00
  -0.0000000e+00
  -1.7001223e-02
  -2.5033420e-02
  -2.9565603e-02
  -3.1655204e-02
  -3.4073643e-02
  -3.6837470e-02
  -3.7158191e-02
  -3.7284993e-02
  -3.9482579e-02
  -3.7016355e-02
  -3.2202531e-02
  -2.4867760e-02
  -2.3149593e-02
  -2.3909457e-02
  -2.0013632e-02
  -1.5910434e-02
  -0.0000000e+00
  -0.0000000e+00
  -0.0000000e+00
  -3.0653013e-02
  -2.5541220e-02
  -1.4428459e-02
  -9.5005920e-03
  -4.9071596e-03
   1.1532358e-02
   0.0000000e+00
  -0.0000000e+00
  -0.0000000e+00
  -3.8956273e-02
  -7.0214206e-03
  -7.9188580e-03
  -4.2031622e-03
   4.2990700e-04
  -3.5406516e-03
  -0.0000000e+00
  -4.7632442e-02
  -2.4808821e-02
  -3.4429378e-02
  -4.0756007e-02
  -4.5274759e-02
  -4.8806898e-02
  -5.0732662e-02
  -4.7557473e-02
  -4.6048068e-02
  -4.4410432e-02
  -3.8567601e-02
  -2.9462036e-02
  -2.0418124e-02
  -1.3362007e-02
  -1.5232064e-02
  -1.7614922e-02
  -1.5527024e-02
  -0.0000000e+00
  -0.0000000e+00
  -6.1732408e-02
  -1.9287299e-02
  -2.0195739e-02
  -5.8308286e-03
   6.4514986e-03
   1.2344486e-02
   2.5447251e-02
   0.0000000e+00
   0.0000000e+00
  -0.0000000e+00
  -4.3119134e-02
  -1.9613562e-03
  -1.0391557e-03
   9.0386801e-03
   1.3455994e-02
   1.6485932e-03
  -0.0000000e+00
  -3.2971330e-02
  -1.4038745e-01
  -6.6837534e-02
  -7.1005523e-02
  -7.8882210e-02
  -7.7649623e-02
  -8.0663815e-02
  -8.2395114e-02
  -8.1935689e-02
  -7.5566009e-02
  -6.8097211e-02
  -6.1087143e-02
  -4.9926400e-02
  -2.9194051e-02
  -1.6430767e-02
  -1.9832345e-02
  -2.6366740e-02
  -0.0000000e+00
  -0.0000000e+00
  -6.8991609e-02
  -5.4616906e-02
  -4.5514505e-02
  -2.0371169e-02
   2.9132752e-02
   0.0000000e+00
   0.0000000e+00
   0.0000000e+00
  -0.0000000e+00
  -0.0000000e+00
  -0.0000000e+00
  -1.6814977e-02
  -4.5958967e-03
   2.1941474e-02
   2.4806593e-02
   4.8064156e-03
  -0.0000000e+00
  -2.8024442e-02
  -1.7595707e-01
  -7.8163177e-02
  -8.1521772e-02
  -9.0269439e-02
  -8.7409414e-02
  -9.0940714e-02
  -9.4528630e-02
  -9.4229423e-02
  -8.6102992e-02
  -7.8379601e-02
  -7.2253376e-02
  -6.0334016e-02
  -3.4694437e-02
  -1.6575892e-02
  -2.1613121e-02
  -3.6402665e-02
  -0.0000000e+00
  -1.5973908e-01
  -7.1861170e-02
  -6.7316741e-02
  -5.4634854e-02
  -2.6227750e-02
   3.4836747e-02
   0.0000000e+00
   0.0000000e+00
  -0.0000000e+00
  -0.0000000e+00
  -0.0000000e+00
  -0.0000000e+00
  -2.1757117e-02
  -5.7099620e-03
   2.7135961e-02
   2.8257696e-02
   6.2239170e-03
   0.0000000e+00
  -2.6596450e-02
  -7.1124012e-02
  -9.4547081e-02
  -9.4951341e-02
  -9.5153354e-02
  -9.1160471e-02
  -9.9872363e-02
  -1.1074716e-01
  -1.0397898e-01
  -8.9971268e-02
  -9.2045839e-02
  -9.2109641e-02
  -7.8481965e-02
  -4.1600553e-02
  -7.9110559e-03
  -5.6793973e-02
  -0.0000000e+00
  -1.7417245e-01
  -7.1774203e-02
  -8.6796537e-02
  -9.7138543e-02
  -7.6652759e-02
  -5.9827521e-02
  -2.8950542e-02
  -0.0000000e+00
  -0.0000000e+00
  -0.0000000e+00
  -0.0000000e+00
  -0.0000000e+00
  -0.0000000e+00
  -2.0843570e-02
  -3.1431401e-03
   5.6866306e-02
   1.6537803e-02
   1.8450857e-02
   0.0000000e+00
  -1.7114574e-02
  -5.9423164e-02
  -8.3765365e-02
  -8.5701235e-02
  -8.5391276e-02
  -8.7181740e-02
  -9.5548533e-02
  -1.0165309e-01
  -9.1829494e-02
  -7.9451323e-02
  -8.5139804e-02
  -8.2873747e-02
  -6.6596374e-02
  -3.2383531e-02
   7.0419661e-03
  -0.0000000e+00
  -1.8389466e-01
  -1.3953151e-01
  -7.3766865e-02
  -8.1652477e-02
  -8.4329017e-02
  -6.7223944e-02
  -5.8267429e-02
  -3.6117934e-02
  -0.0000000e+00
  -0.0000000e+00
  -0.0000000e+00
  -0.0000000e+00
  -0.0000000e+00
  -0.0000000e+00
  -1.3256407e-02
   2.4515020e-03
   0.0000000e+00
   9.1828816e-03
   8.4674716e-02
   0.0000000e+00
   1.2540591e-03
  -3.6755837e-02
  -6.2878625e-02
  -6.7781592e-02
  -6.6479818e-02
  -7.9473995e-02
  -8.7172241e-02
  -8.4035728e-02
  -6.8293069e-02
  -5.9071698e-02
  -7.1761188e-02
  -6.4981629e-02
  -4.3571155e-02
  -1.4527973e-02
   0.0000000e+00
  -1.9128726e-02
  -4.9164590e-02
  -7.2423840e-02
  -7.7627127e-02
  -7.1687191e-02
  -5.9513959e-02
  -4.8958106e-02
  -5.5245169e-02
  -5.0002863e-02
  -0.0000000e+00
  -0.0000000e+00
  -0.0000000e+00
  -0.0000000e+00
  -0.0000000e+00
  -0.0000000e+00
   1.4417211e-03
   1.3289647e-02
   0.0000000e+00
  -0.0000000e+00
   0.0000000e+00
   0.0000000e+00
  -0.0000000e+00
  -2.2929374e-02
  -2.7411263e-02
  -2.5592837e-02
  -2.6517233e-02
  -4.1240681e-02
  -4.8706532e-02
  -4.4233523e-02
  -3.6128823e-02
  -3.0942725e-02
  -4.2045165e-02
  -3.4541316e-02
  -1.8723678e-02
   5.0937808e-03
   0.0000000e+00
   1.9743377e-03
  -2.7958859e-02
  -2.4476465e-02
  -3.4323897e-02
  -3.5498664e-02
  -2.5924716e-02
  -2.6232639e-02
  -3.5947122e-02
  -2.9725442e-02
  -0.0000000e+00
  -0.0000000e+00
  -0.0000000e+00
  -0.0000000e+00
   0.0000000e+00
  -0.0000000e+00
   4.4489693e-02
   5.0376493e-02
   0.0000000e+00
   0.0000000e+00
   0.0000000e+00
   0.0000000e+00
  -0.0000000e+00
  -1.5977629e-02
  -6.9942907e-03
   5.5889750e-04
  -1.0594600e-03
  -1.5936617e-02
  -2.2261126e-02
  -1.7640743e-02
  -1.4776106e-02
  -1.3017545e-02
  -2.2040464e-02
  -1.4759363e-02
  -3.8079107e-03
   2.7182072e-02
   0.0000000e+00
   1.0537230e-02
  -1.0436778e-02
   3.6505056e-03
  -6.5766578e-03
  -1.0626921e-02
  -4.6620741e-03
  -1.1248454e-02
  -2.1853035e-02
  -1.6938891e-02
  -0.0000000e+00
  -0.0000000e+00
  -0.0000000e+00
  -0.0000000e+00
   0.0000000e+00
   0.0000000e+00
   0.0000000e+00
   0.0000000e+00
   0.0000000e+00
   0.0000000e+00
   0.0000000e+00
  -0.0000000e+00
  -0.0000000e+00
  -8.6373492e-03
   3.0122607e-02
   5.7910409e-02
   5.8119740e-02
   4.7389146e-02
   4.8437288e-02
   5.0055214e-02
   3.8959945e-02
   2.8679359e-02
   2.9567427e-02
   3.3080043e-02
   2.6526980e-02
   1.2408667e-01
   0.0000000e+00
   0.0000000e+00
   0.0000000e+00
   5.7548462e-02
   5.8691226e-02
   5.5828886e-02
   4.4123413e-02
   2.5993453e-02
   1.9464694e-02
   1.2162415e-02
   0.0000000e+00
   0.0000000e+00
   1.0750503e-02
   4.1210898e-02
   0.0000000e+00
   0.0000000e+00
   0.0000000e+00
   0.0000000e+00
   0.0000000e+00
   0.0000000e+00
   0.0000000e+00
   0.0000000e+00
  -0.0000000e+00
   0.0000000e+00
   4.0835992e-02
   6.5192714e-02
   6.8868004e-02
   7.4610449e-02
   7.6455489e-02
   7.9279378e-02
   6.8129405e-02
   5.5348486e-02
   5.7699703e-02
   5.0191283e-02
   3.9742313e-02
   0.0000000e+00
   0.0000000e+00
   0.0000000e+00
   0.0000000e+00
   8.8761225e-02
   7.6597407e-02
   7.7209421e-02
   5.6225318e-02
   4.3153323e-02
   3.7985519e-02
   1.9989459e-02
   3.3115778e-02
   2.0930538e-02
   2.1025602e-02
   3.1698551e-02
   1.0870527e-01
   0.0000000e+00
   0.0000000e+00
   0.0000000e+00
   0.0000000e+00
   0.0000000e+00
   0.0000000e+00
   0.0000000e+00
  -0.0000000e+00
   0.0000000e+00
   4.2810693e-02
   5.7961997e-02
   6.6737525e-02
   8.5688293e-02
   8.7177061e-02
   9.0744816e-02
   8.4237084e-02
   7.0946783e-02
   7.0884228e-02
   5.4018307e-02
   4.7996186e-02
   0.0000000e+00
   0.0000000e+00
  -0.0000000e+00
   0.0000000e+00
   1.0799001e-01
   7.9176597e-02
   7.8092754e-02
   5.2900970e-02
   4.5928463e-02
   4.1980203e-02
   2.1996664e-02
   0.0000000e+00
   3.6168952e-02
   2.9664587e-02
   0.0000000e+00
   0.0000000e+00
   0.0000000e+00
   0.0000000e+00
   0.0000000e+00
   0.0000000e+00
   0.0000000e+00
   0.0000000e+00
   0.0000000e+00
   0.0000000e+00
   0.0000000e+00
   2.6999056e-02
   1.6690366e-02
   3.6235182e-02
   6.7090800e-02
   6.5611957e-02
   6.9256914e-02
   7.9394357e-02
   6.9621474e-02
   5.7845131e-02
   3.1160628e-02
   4.9206746e-02
   0.0000000e+00
   0.0000000e+00
  -0.0000000e+00
   0.0000000e+00
   0.0000000e+00
   5.0181114e-02
   3.5651491e-02
   1.5261702e-02
   1.9221916e-02
   1.6714040e-02
   1.2454852e-02
   8.8283833e-02
   0.0000000e+00
   0.0000000e+00
   0.0000000e+00
   0.0000000e+00
  -0.0000000e+00
  -0.0000000e+00
  -0.0000000e+00
   0.0000000e+00
   0.0000000e+00
   0.0000000e+00
   0.0000000e+00
   0.0000000e+00
   0.0000000e+00
  -0.0000000e+00
  -2.5545305e-02
  -1.4799111e-02
   3.5828922e-04
  -1.0588549e-02
  -4.2554000e-03
   2.0393772e-02
   2.8098557e-02
   1.5844550e-02
   5.8040256e-04
   1.8220374e-02
   0.0000000e+00
   0.0000000e+00
  -0.0000000e+00
   0.0000000e+00
   0.0000000e+00
   0.0000000e+00
  -3.1732317e-02
  -3.8832389e-02
  -2.1345444e-02
  -7.7349609e-03
   4.7402643e-03
   1.8554853e-02
   0.0000000e+00
   0.0000000e+00
  -0.0000000e+00
  -0.0000000e+00
  -0.0000000e+00
  -0.0000000e+00
  -0.0000000e+00
   0.0000000e+00
   0.0000000e+00
   0.0000000e+00
   0.0000000e+00
   0.0000000e+00
  -0.0000000e+00
  -0.0000000e+00
  -4.9187459e-02
  -5.5300333e-02
  -6.9771193e-02
  -8.0166966e-02
  -5.5760711e-02
  -1.4296170e-02
   3.8663822e-03
   1.6440867e-04
   3.5875528e-03
   0.0000000e+00
   0.0000000e+00
  -0.0000000e+00
  -0.0000000e+00
   0.0000000e+00
   0.0000000e+00
  -0.0000000e+00
  -5.7255089e-02
  -4.6992481e-02
  -3.2014348e-02
  -2.4349833e-02
  -1.0858230e-02
  -0.0000000e+00
  -0.0000000e+00
  -0.0000000e+00
  -0.0000000e+00
  -0.0000000e+00
  -0.0000000e+00
  -0.0000000e+00
   0.0000000e+00
   0.0000000e+00
   0.0000000e+00
   0.0000000e+00
   0.0000000e+00
  -0.0000000e+00
  -0.0000000e+00
  -0.0000000e+00
  -0.0000000e+00
  -0.0000000e+00
  -8.1494056e-02
  -8.6492151e-02
  -5.9547640e-02
  -2.3573324e-02
  -5.8558374e-03
  -2.1937606e-03
   0.0000000e+00
   0.0000000e+00
   0.0000000e+00
  -0.0000000e+00
  -0.0000000e+00
   0.0000000e+00
   0.0000000e+00
  -0.0000000e+00
  -5.5621132e-02
  -4.0846571e-02
  -3.4349296e-02
  -4.1410722e-02
  -3.2878540e-02
  -3.1339727e-02
  -0.0000000e+00
  -0.0000000e+00
  -0.0000000e+00
  -0.0000000e+00
  -0.0000000e+00
   0.0000000e+00
   0.0000000e+00
   0.0000000e+00
   0.0000000e+00
   0.0000000e+00
  -0.0000000e+00
  -0.0000000e+00
  -0.0000000e+00
  -0.0000000e+00
  -0.0000000e+00
  -0.0000000e+00
  -0.0000000e+00
  -0.0000000e+00
  -0.0000000e+00
  -1.7556008e-02
  -0.0000000e+00
  -0.0000000e+00
  -0.0000000e+00
  -0.0000000e+00
  -0.0000000e+00
  -0.0000000e+00
  -0.0000000e+00
  -0.0000000e+00
  -0.0000000e+00
  -7.3278770e-02
  -4.2888902e-02
  -0.0000000e+00
  -0.0000000e+00
  -3.6956750e-02
  -4.9287040e-02
  -3.3330981e-02
  -3.0194242e-03
   3.1843983e-02
   0.0000000e+00
  -0.0000000e+00
  -0.0000000e+00
   0.0000000e+00
   0.0000000e+00
   0.0000000e+00
   0.0000000e+00
   0.0000000e+00
  -2.6696410e-02
  -2.6996624e-02
  -2.0545423e-02
  -1.9621380e-02
  -2.1499889e-02
  -1.9467475e-02
  -1.8674692e-02
  -1.2485151e-02
  -1.4445091e-02
  -1.8624306e-02
  -4.7196180e-02
  -4.3862712e-02
  -1.8972438e-02
  -2.7352290e-02
  -2.1869561e-02
  -6.6430042e-03
  -8.2357666e-03
  -2.9427791e-02
  -5.1040571e-02
  -3.4037620e-02
   0.0000000e+00
   0.0000000e+00
   0.0000000e+00
   0.0000000e+00
  -1.3036436e-03
  -2.2411760e-02
  -2.5878605e-02
  -2.2747781e-02
  -1.6219603e-02
  -1.1249449e-02
  -3.4282506e-03
  -7.3032607e-03
  -1.1190645e-02
  -1.0005328e-02
  -1.2389566e-02
  -2.1748397e-02
