   0.0000000e+00
   0.0000000e+00
   0.0000000e+00
   0.0000000e+00
   0.0000000e+00
   0.0000000e+00
   0.0000000e+00
   0.0000000e+00
   0.0000000e+00
   0.0000000e+00
   0.0000000e+00
   0.0000000e+00
   0.0000000e+00
   0.0000000e+00
   0.0000000e+00
   0.0000000e+00
   0.0000000e+00
   0.0000000e+00
   0.0000000e+00
   0.0000000e+00
   0.0000000e+00
   0.0000000e+00
  -0.0000000e+00
  -0.0000000e+00
  -0.0000000e+00
  -0.0000000e+00
  -0.0000000e+00
  -0.0000000e+00
  -0.0000000e+00
   0.0000000e+00
   0.0000000e+00
   0.0000000e+00
   0.0000000e+00
   0.0000000e+00
   0.0000000e+00
   0.0000000e+00
   0.0000000e+00
   5.4034717e-02
   5.1468611e-02
   6.0643062e-02
   6.4876646e-02
   9.5416136e-02
   1.1018901e-01
   6.3515350e-02
   4.2900782e-02
   1.8948166e-02
   4.1578421e-03
  -7.7867927e-04
   2.2304738e-03
   2.4085356e-02
   4.9847774e-02
   4.9343832e-02
   7.1314387e-02
   6.2242996e-02
   5.5061635e-02
   3.2616526e-02
   2.1641288e-02
   2.5442170e-02
   1.7992841e-02
   3.4871004e-03
  -2.4814354e-02
  -2.3372136e-02
  -1.2278187e-03
   1.8375488e-02
   5.3871989e-02
   7.3023282e-02
   1.6474038e-01
   2.0277643e-01
   1.4731748e-01
   4.5607276e-02
   3.5352685e-02
   0.0000000e+00
  -5.9372624e-03
  -4.9942639e-03
  -1.4206758e-02
  -2.1988738e-02
  -1.3356293e-02
   6.3628522e-03
   2.3298692e-02
   2.5975369e-02
   2.0894496e-02
   1.0451088e-02
   4.6829768e-03
   9.2132445e-03
   1.6808026e-02
   1.6730456e-02
   1.5588180e-02
   1.8842328e-02
   1.6253173e-02
  -7.1837695e-04
  -2.0482149e-02
  -2.3002354e-02
  -2.3345596e-03
   2.9585812e-02
   4.6479061e-02
   3.7119176e-02
   1.8705737e-02
   7.7387253e-03
   5.6609265e-03
   5.3703631e-03
  -5.8248769e-03
  -9.0284646e-03
   4.9186605e-03
   2.8282564e-02
   3.6719754e-02
   2.1300063e-02
   5.2459445e-03
  -4.5717559e-03
  -1.2038448e-02
  -8.5209990e-03
  -1.1089355e-02
  -5.7797846e-03
   1.1858430e-02
   2.6189666e-02
   2.7616011e-02
   2.5387419e-02
   1.7794613e-02
   9.1971159e-03
   9.2815869e-03
   2.0596560e-02
   2.0459155e-02
   1.4798068e-02
   2.0032259e-02
   2.4466205e-02
   2.3838313e-02
   5.5636917e-03
  -1.6820295e-02
  -1.9289255e-02
   8.0076279e-03
   4.4269145e-02
   4.8706606e-02
   3.5866980e-02
   1.3592237e-02
  -7.6137991e-03
  -7.1818326e-03
  -6.6323960e-03
  -1.7204979e-02
  -1.3441329e-02
   6.4131231e-03
   2.6368581e-02
   2.8215833e-02
   2.2599749e-02
   4.7884430e-03
  -1.0035618e-02
  -3.0517115e-03
   1.9279389e-03
   1.6762584e-03
   1.2052095e-02
   2.6793171e-02
   3.0094858e-02
   2.2961585e-02
   2.3440661e-02
   1.4755547e-02
   4.0389732e-03
   1.5360290e-02
   3.2594193e-02
   2.2436243e-02
   1.3626735e-02
   2.8640563e-02
   3.1398438e-02
   2.1838617e-02
   1.2545392e-03
  -2.6595242e-02
  -0.0000000e+00
   2.0049863e-02
   5.3779606e-02
   4.2948760e-02
   2.6315166e-02
   3.9376863e-03
  -1.2317667e-02
  -3.1737767e-03
  -1.1500450e-03
  -1.2302605e-02
   3.8811390e-03
   3.2047614e-02
   3.8381968e-02
   2.5772324e-02
   1.7374203e-02
   4.2881444e-04
  -8.3966935e-03
   3.7055213e-03
   1.7890803e-03
  -6.7189606e-03
   3.0438667e-03
   1.3608419e-02
   1.3792900e-02
   1.7293278e-02
   2.3300463e-02
   9.7582778e-03
  -4.0985970e-04
   1.9236192e-02
   3.4481168e-02
   1.1972286e-02
   3.3425484e-03
   1.7836284e-02
   1.8066287e-02
   2.0844263e-03
  -1.5180046e-02
  -6.0363919e-02
  -0.0000000e+00
   2.1467062e-02
   5.0641563e-02
   3.8466249e-02
   1.5549812e-02
  -1.7524845e-03
  -1.2398197e-02
  -3.8718430e-03
  -4.3083550e-03
  -1.7770335e-02
   6.2193908e-03
   3.4739845e-02
   3.5969678e-02
   1.4230343e-02
  -3.9373248e-04
  -1.0680025e-02
  -1.1493172e-02
  -4.1007674e-03
  -1.6946783e-02
  -2.1851409e-02
  -1.9443703e-02
  -8.0828915e-03
   6.5821449e-04
   4.0561309e-03
   2.3371371e-03
  -1.0977832e-02
  -1.1529087e-02
   7.6559838e-03
   1.0321822e-02
  -1.7854276e-02
  -2.4837976e-02
  -4.0156604e-03
  -1.9500061e-03
  -1.7132024e-02
  -2.8063073e-02
  -5.7236406e-02
  -0.0000000e+00
   8.1283686e-03
   2.3444115e-02
   8.1259539e-03
  -1.1805277e-02
  -2.3812750e-02
  -2.8790792e-02
  -2.7715736e-02
  -3.4047730e-02
  -2.0021601e-02
   6.5317492e-03
   1.4121151e-02
   6.4017072e-03
  -1.1181507e-02
  -2.0520916e-02
  -2.6723932e-02
  -1.4883946e-02
  -1.4765959e-02
  -1.6699569e-02
  -3.8160519e-03
  -1.3292766e-03
   0.0000000e+00
   4.4991667e-03
  -5.5844705e-03
  -1.6604092e-02
  -2.5120791e-02
  -2.0639371e-02
  -1.0052985e-02
  -7.5355447e-03
  -2.4319369e-02
  -3.0220278e-02
  -1.4769117e-02
  -9.5939431e-03
  -1.7985998e-02
  -2.5796253e-02
  -2.3884686e-02
  -0.0000000e+00
   3.8680593e-03
   5.7823900e-03
  -8.7794028e-03
  -2.4166798e-02
  -3.2673202e-02
  -2.9973833e-02
  -2.4042841e-02
  -1.4284067e-02
   4.8449980e-03
   1.8853396e-02
   8.8409176e-03
  -8.2160188e-03
  -1.9068168e-02
  -2.3906499e-02
  -2.7175665e-02
  -1.8147642e-02
  -1.1713764e-02
   3.5847176e-03
   2.5044646e-02
   0.0000000e+00
   0.0000000e+00
   2.7840855e-03
  -1.1103404e-02
  -2.3193700e-02
  -2.8882906e-02
  -2.4433689e-02
  -1.5761076e-02
  -1.0929079e-02
  -2.0924551e-02
  -2.7255533e-02
  -1.6480029e-02
  -1.0769206e-02
  -1.4407703e-02
  -1.5367017e-02
  -3.1688544e-03
   0.0000000e+00
   0.0000000e+00
   6.9085037e-04
  -1.2528790e-02
  -2.3233194e-02
  -3.1392734e-02
  -2.4861529e-02
  -8.7518301e-03
   9.2495456e-03
   0.0000000e+00
   2.1189047e-02
   5.3970800e-03
  -1.3596661e-02
  -1.9538846e-02
  -2.1311656e-02
  -2.1893611e-02
  -1.4272070e-02
   1.5327611e-04
   4.0854150e-02
   0.0000000e+00
   0.0000000e+00
   0.0000000e+00
  -2.6256541e-03
  -1.5644869e-02
  -2.4270724e-02
  -2.7550842e-02
  -2.6104280e-02
  -1.5932821e-02
  -6.7448769e-03
  -1.0881889e-02
  -1.8639392e-02
  -1.3346831e-02
  -8.4665541e-03
  -7.3081738e-03
   2.5438179e-03
   1.5536058e-02
   0.0000000e+00
   0.0000000e+00
   1.6286954e-03
  -9.5577174e-03
  -1.4281790e-02
  -2.3849075e-02
  -1.4740102e-02
   1.7304153e-02
   4.1098497e-02
   0.0000000e+00
   1.8291052e-02
   2.1330211e-03
  -1.4972284e-02
  -1.5794646e-02
  -1.4545525e-02
  -1.1886772e-02
  -5.2149430e-03
   2.0585826e-02
   8.7263614e-02
   0.0000000e+00
  -0.0000000e+00
  -0.0000000e+00
  -2.3673385e-02
  -1.1592566e-02
  -1.3452579e-02
  -1.1930560e-02
  -1.1864377e-02
   2.8367501e-03
   1.0858668e-02
   3.3802893e-03
  -6.3092187e-03
  -1.7041670e-03
   2.4585859e-03
   3.5522857e-03
   3.2715093e-02
   3.5333052e-02
   0.0000000e+00
   0.0000000e+00
   5.8411118e-03
  -1.1145998e-02
  -8.7162051e-03
  -7.4573415e-03
   4.6018497e-03
   4.9409755e-02
   1.2497153e-01
   0.0000000e+00
  -1.8260648e-02
  -9.0754451e-03
  -1.0100601e-02
  -3.9180380e-04
  -2.1947233e-03
  -1.6909267e-03
   5.5099400e-03
   2.8384315e-02
   7.9823725e-02
   0.0000000e+00
  -0.0000000e+00
  -0.0000000e+00
  -1.9959148e-02
  -5.2023632e-03
  -7.0740790e-03
  -4.2766891e-03
  -3.8691021e-03
   1.0783348e-02
   1.5925054e-02
   8.3509143e-03
   1.0725332e-04
   4.7487915e-03
   9.7967396e-03
   1.1700354e-02
   4.5851607e-02
   3.5432912e-02
  -0.0000000e+00
   0.0000000e+00
   0.0000000e+00
  -1.0960776e-02
  -5.2639027e-03
   8.4409339e-04
   1.4732875e-02
   5.9071522e-02
   0.0000000e+00
  -0.0000000e+00
  -2.7271636e-02
  -1.9725680e-02
  -4.6824417e-03
   5.5616205e-03
   2.4835092e-03
   4.0679849e-03
   1.3263071e-02
   3.9622089e-02
   3.8769075e-02
  -0.0000000e+00
  -0.0000000e+00
  -4.0925680e-02
  -4.3974382e-04
   9.8472193e-03
   4.8303339e-03
   8.7932843e-03
   1.0739927e-02
   2.3178606e-02
   2.1233128e-02
   1.4943478e-02
   1.1416223e-02
   1.6470786e-02
   2.4192098e-02
   2.8269314e-02
   6.6736532e-02
   2.6585061e-02
  -0.0000000e+00
   0.0000000e+00
  -0.0000000e+00
  -9.7394415e-03
   1.3125636e-03
   1.5273074e-02
   3.2646825e-02
   6.9868486e-02
   0.0000000e+00
  -0.0000000e+00
  -0.0000000e+00
  -4.2757669e-02
   7.4170126e-03
   1.4230616e-02
   9.1818862e-03
   1.4618790e-02
   2.8849044e-02
   4.5540467e-02
   2.9405445e-02
  -0.0000000e+00
  -0.0000000e+00
  -9.6787466e-03
   9.1591747e-03
   1.9644300e-02
   1.3201515e-02
   1.9407965e-02
   2.2063617e-02
   3.2512426e-02
   2.7510174e-02
   2.8431982e-02
   2.5955722e-02
   2.9807439e-02
   3.8389288e-02
   4.6460599e-02
   6.3779697e-02
  -0.0000000e+00
  -0.0000000e+00
   0.0000000e+00
  -0.0000000e+00
   6.5188104e-04
   1.2684669e-02
   2.6731336e-02
   4.1383494e-02
   5.9073579e-02
   0.0000000e+00
  -0.0000000e+00
  -0.0000000e+00
  -1.3610370e-02
   2.1358434e-02
   2.2220235e-02
   2.4072791e-02
   3.3417191e-02
   4.8299141e-02
   4.8967717e-02
   2.3983080e-02
  -0.0000000e+00
  -0.0000000e+00
   8.4159679e-03
   1.4717792e-02
   2.5317668e-02
   1.8049163e-02
   2.5554798e-02
   2.8621026e-02
   3.7917525e-02
   3.1145135e-02
   3.6243006e-02
   3.4375371e-02
   3.7530528e-02
   4.6610700e-02
   5.6994947e-02
   6.2067444e-02
  -0.0000000e+00
  -0.0000000e+00
   0.0000000e+00
  -0.0000000e+00
   6.6693689e-03
   1.9270116e-02
   3.3366672e-02
   4.6442790e-02
   5.2822387e-02
  -0.0000000e+00
  -0.0000000e+00
  -0.0000000e+00
   3.2684727e-03
   2.9431740e-02
   2.6846928e-02
   3.2695930e-02
   4.4303115e-02
   5.9562449e-02
   2.7032267e-02
   0.0000000e+00
   1.7670957e-02
   5.4154908e-03
   1.2089724e-02
   1.5164955e-02
   1.7801002e-02
   1.7058397e-02
   2.3443580e-02
   2.6451690e-02
   3.6542021e-02
   3.5779431e-02
   4.6513747e-02
   4.4730011e-02
   5.0868414e-02
   5.2539099e-02
   5.4699183e-02
   4.0866561e-02
  -0.0000000e+00
  -0.0000000e+00
   0.0000000e+00
   0.0000000e+00
   5.2726865e-02
   3.8435262e-02
   4.1072596e-02
   4.0846642e-02
   3.0196849e-02
  -0.0000000e+00
  -0.0000000e+00
  -0.0000000e+00
   1.6127573e-02
   2.9437866e-02
   2.9112294e-02
   4.0572576e-02
   4.1447960e-02
   3.9363030e-02
   2.0409647e-02
   0.0000000e+00
   1.5107902e-02
   5.1861773e-03
   9.4761346e-03
   1.2162428e-02
   1.3355635e-02
   1.3273811e-02
   1.8484199e-02
   2.1207478e-02
   3.0382387e-02
   3.0472582e-02
   3.9810073e-02
   3.8613930e-02
   4.5930956e-02
   4.6492573e-02
   4.6633698e-02
   3.1326044e-02
  -0.0000000e+00
  -0.0000000e+00
   0.0000000e+00
   0.0000000e+00
   4.7615469e-02
   3.5686567e-02
   3.8348310e-02
   3.8128182e-02
   2.8014645e-02
   0.0000000e+00
  -0.0000000e+00
   0.0000000e+00
   2.0090928e-02
   2.4948573e-02
   2.5413046e-02
   3.4218781e-02
   3.3378448e-02
   3.0314596e-02
   0.0000000e+00
   0.0000000e+00
   8.3347846e-04
  -1.6460217e-03
  -3.6032896e-04
   1.6339951e-03
  -5.5919101e-04
   3.2102376e-04
   1.6769345e-03
   3.4220080e-03
   9.2525050e-03
   1.1077697e-02
   1.4406807e-02
   1.5236014e-02
   2.6039778e-02
   2.4261819e-02
   1.9067173e-02
   2.4992889e-03
  -0.0000000e+00
  -0.0000000e+00
  -0.0000000e+00
   9.6003766e-03
   2.0426820e-02
   2.2211707e-02
   2.7302280e-02
   2.9823360e-02
   2.5057244e-02
   0.0000000e+00
   0.0000000e+00
   0.0000000e+00
   3.1237453e-02
   9.3422596e-03
   1.2090849e-02
   1.0521437e-02
   5.9123542e-03
   2.9934908e-03
  -0.0000000e+00
  -0.0000000e+00
  -6.8685659e-03
  -1.0167823e-02
  -1.1716416e-02
  -8.4476527e-03
  -1.1605646e-02
  -1.2502737e-02
  -1.1792785e-02
  -1.1109957e-02
  -7.3598409e-03
  -4.6842881e-03
  -9.7317784e-04
   1.7689939e-03
   1.1944874e-02
   1.3343217e-02
   9.0082837e-03
  -2.2763435e-03
  -0.0000000e+00
  -0.0000000e+00
  -0.0000000e+00
   7.2447176e-04
   7.9233833e-03
   1.0571738e-02
   2.0149840e-02
   2.9682728e-02
   2.6086114e-02
   0.0000000e+00
   0.0000000e+00
   0.0000000e+00
   6.8164453e-02
   3.4594648e-03
   5.6192097e-03
   4.0477715e-03
   3.5916453e-03
  -1.7239469e-04
  -0.0000000e+00
  -2.8884706e-02
  -1.5004455e-02
  -1.9169645e-02
  -2.3712176e-02
  -1.9097184e-02
  -2.3274328e-02
  -2.6048841e-02
  -2.6021232e-02
  -2.6460488e-02
  -2.4907936e-02
  -2.1334123e-02
  -1.7219494e-02
  -1.2456604e-02
  -2.9439758e-03
   1.8095828e-03
  -1.6172109e-03
  -7.3209808e-03
  -0.0000000e+00
  -0.0000000e+00
  -5.9263747e-02
  -8.6514024e-03
  -5.2843518e-03
  -1.7238945e-03
   1.2594511e-02
   2.9534177e-02
   2.7172944e-02
   0.0000000e+00
   0.0000000e+00
   0.0000000e+00
   1.0717150e-01
  -2.7547003e-03
  -1.2169662e-03
  -2.7905468e-03
   1.1402143e-03
  -3.5166098e-03
  -0.0000000e+00
  -1.1243697e-02
  -5.3242184e-02
  -2.9204872e-02
  -3.8600318e-02
  -3.7819274e-02
  -4.0783372e-02
  -4.2764224e-02
  -4.5463488e-02
  -4.9905613e-02
  -5.3105690e-02
  -4.7827810e-02
  -4.6162810e-02
  -4.0986218e-02
  -3.0610289e-02
  -4.5224312e-03
  -5.3514456e-03
  -1.3123197e-02
  -0.0000000e+00
  -0.0000000e+00
  -5.1435642e-02
  -3.5529040e-02
  -3.2924436e-02
  -2.8387316e-02
   5.3422204e-03
   0.0000000e+00
   0.0000000e+00
  -0.0000000e+00
  -0.0000000e+00
   0.0000000e+00
   0.0000000e+00
  -7.9089534e-03
  -1.0113565e-02
  -3.7709014e-03
   1.6311066e-02
   4.4397879e-03
  -0.0000000e+00
  -4.6351110e-03
  -6.4310461e-02
  -3.2418311e-02
  -4.3484494e-02
  -4.4099987e-02
  -4.6636309e-02
  -4.8228681e-02
  -5.1930137e-02
  -5.7609413e-02
  -6.2244173e-02
  -5.6467537e-02
  -5.5861138e-02
  -5.0679937e-02
  -4.0592518e-02
  -6.6356109e-03
  -6.7307106e-03
  -1.6737711e-02
  -0.0000000e+00
  -1.1584102e-01
  -4.8582140e-02
  -4.5025960e-02
  -4.2550933e-02
  -3.8316451e-02
   4.1098587e-04
   0.0000000e+00
   0.0000000e+00
  -0.0000000e+00
  -0.0000000e+00
   0.0000000e+00
   0.0000000e+00
  -9.5689595e-03
  -1.3286148e-02
  -3.4261786e-03
   2.2018924e-02
   7.5936089e-03
   0.0000000e+00
   1.9304371e-02
  -5.9419669e-03
  -2.7551246e-02
  -4.0217194e-02
  -4.4690593e-02
  -4.6483325e-02
  -4.3911830e-02
  -5.0658943e-02
  -5.2885761e-02
  -5.2263015e-02
  -4.8901287e-02
  -5.6391355e-02
  -5.5740754e-02
  -6.5201875e-02
  -6.4620372e-03
  -1.1133315e-02
  -0.0000000e+00
  -4.7194069e-02
  -2.5237580e-02
  -4.0634890e-02
  -6.2136361e-02
  -5.5412086e-02
  -7.2488899e-02
  -8.4414284e-02
  -0.0000000e+00
  -0.0000000e+00
  -0.0000000e+00
  -0.0000000e+00
  -0.0000000e+00
   0.0000000e+00
  -7.3918338e-03
  -1.9933965e-02
   1.9352131e-02
   4.3440333e-02
   2.4256754e-02
   0.0000000e+00
   2.8810322e-02
   5.9555625e-03
  -2.0528791e-02
  -3.5066817e-02
  -3.8750395e-02
  -4.0913980e-02
  -3.8725853e-02
  -4.5313187e-02
  -4.5861885e-02
  -4.3914933e-02
  -4.0681325e-02
  -4.8372999e-02
  -4.8087906e-02
  -5.9942357e-02
   4.6466589e-03
   0.0000000e+00
  -4.8742771e-02
  -3.2723121e-02
  -1.9118629e-02
  -3.4967300e-02
  -5.1726043e-02
  -4.6399474e-02
  -6.6583820e-02
  -8.2624353e-02
  -0.0000000e+00
  -0.0000000e+00
  -0.0000000e+00
  -0.0000000e+00
  -0.0000000e+00
   0.0000000e+00
   3.0273646e-03
  -1.7310573e-02
  -0.0000000e+00
   5.4133452e-02
   4.3705456e-02
   0.0000000e+00
   4.7225599e-02
   2.9003889e-02
  -6.9246341e-03
  -2.5089316e-02
  -2.7242836e-02
  -3.0124838e-02
  -2.8679398e-02
  -3.4957196e-02
  -3.2254955e-02
  -2.7742725e-02
  -2.4757306e-02
  -3.2839556e-02
  -3.3262540e-02
  -4.9753432e-02
   0.0000000e+00
   7.9144106e-02
  -9.6976147e-04
  -4.6894608e-03
  -7.2647739e-03
  -2.3987831e-02
  -3.1558815e-02
  -2.8939929e-02
  -5.5144306e-02
  -7.9156822e-02
  -0.0000000e+00
  -0.0000000e+00
  -0.0000000e+00
  -0.0000000e+00
  -0.0000000e+00
  -0.0000000e+00
   2.3211815e-02
  -1.2228441e-02
  -0.0000000e+00
   0.0000000e+00
   0.0000000e+00
   0.0000000e+00
   0.0000000e+00
   2.9952921e-02
   8.6782873e-03
  -1.0091960e-02
  -1.1873987e-02
  -1.4586793e-02
  -1.4976472e-02
  -1.9272590e-02
  -2.3210637e-02
  -2.0273916e-02
  -1.2081266e-02
  -2.4248127e-02
  -2.8922252e-02
  -3.6209513e-02
   0.0000000e+00
   5.8593959e-02
   2.3073446e-02
   1.3984203e-02
   7.5881085e-03
  -1.1780411e-02
  -1.6283559e-02
  -1.8493386e-02
  -4.0291183e-02
  -5.7799827e-02
  -0.0000000e+00
  -0.0000000e+00
  -0.0000000e+00
  -0.0000000e+00
  -0.0000000e+00
  -0.0000000e+00
   1.9654918e-02
  -3.1910840e-02
  -0.0000000e+00
   0.0000000e+00
   0.0000000e+00
   0.0000000e+00
   0.0000000e+00
   2.4396924e-02
   1.4319415e-02
  -2.4852511e-03
  -3.2500855e-03
  -6.2026377e-03
  -7.5254347e-03
  -1.0826780e-02
  -1.7804848e-02
  -1.6224924e-02
  -5.4704025e-03
  -1.9726284e-02
  -2.7034914e-02
  -3.0430153e-02
   0.0000000e+00
   5.6229334e-02
   3.9417502e-02
   2.2333749e-02
   1.5453472e-02
  -4.6707261e-03
  -8.3026001e-03
  -1.2831003e-02
  -3.2067813e-02
  -4.5275960e-02
  -0.0000000e+00
  -0.0000000e+00
  -0.0000000e+00
  -0.0000000e+00
  -0.0000000e+00
  -0.0000000e+00
   0.0000000e+00
  -0.0000000e+00
  -0.0000000e+00
   0.0000000e+00
   0.0000000e+00
   0.0000000e+00
  -0.0000000e+00
  -1.7789586e-02
   7.0088053e-03
   5.9454575e-03
   1.1253770e-02
   6.0926726e-03
   3.7217272e-03
   1.4611762e-03
  -6.9291208e-03
  -1.0181061e-02
   2.9399045e-03
  -1.3734496e-02
  -2.6817414e-02
  -3.0530440e-02
   0.0000000e+00
   0.0000000e+00
   0.0000000e+00
   2.4893247e-02
   2.6151688e-02
   8.6876287e-03
   1.9351149e-03
  -4.3838754e-03
  -1.8837105e-02
  -2.1301061e-02
   0.0000000e+00
  -0.0000000e+00
  -4.0069386e-02
  -5.7081817e-02
  -0.0000000e+00
  -0.0000000e+00
  -0.0000000e+00
  -0.0000000e+00
   0.0000000e+00
   0.0000000e+00
   0.0000000e+00
  -0.0000000e+00
  -0.0000000e+00
  -0.0000000e+00
  -4.3488811e-03
   4.7157062e-03
   1.2917376e-02
   1.4001654e-02
   8.5490486e-03
   7.0847678e-03
   2.5774392e-03
  -1.7844872e-03
   7.0200791e-03
  -3.6174338e-03
  -1.6773395e-02
  -0.0000000e+00
   0.0000000e+00
   0.0000000e+00
   0.0000000e+00
   7.9805823e-03
   2.4610046e-02
   1.8270608e-02
   6.1248438e-03
   1.6049242e-03
  -6.6042515e-03
  -1.3883892e-02
   3.4977817e-03
  -5.0853356e-03
  -1.8503392e-02
  -2.2359749e-02
  -3.7537854e-02
  -0.0000000e+00
  -0.0000000e+00
  -0.0000000e+00
   0.0000000e+00
   0.0000000e+00
   0.0000000e+00
  -0.0000000e+00
  -0.0000000e+00
  -0.0000000e+00
  -1.2901376e-02
   1.1682871e-04
   1.0644658e-02
   1.7385690e-02
   1.1822125e-02
   9.6124019e-03
   1.0207796e-02
   5.4359678e-03
   1.0415973e-02
   5.4433080e-03
  -8.4543489e-03
  -0.0000000e+00
   0.0000000e+00
   0.0000000e+00
   0.0000000e+00
  -1.4819713e-02
   2.0495063e-02
   2.6385734e-02
   1.0641092e-02
   4.3532713e-03
   1.3094635e-03
  -7.1784533e-03
   0.0000000e+00
  -3.2213775e-03
  -2.3499429e-03
   0.0000000e+00
   0.0000000e+00
  -0.0000000e+00
  -0.0000000e+00
  -0.0000000e+00
   0.0000000e+00
   0.0000000e+00
  -0.0000000e+00
  -0.0000000e+00
  -0.0000000e+00
  -0.0000000e+00
  -1.9135985e-02
  -1.3635292e-02
  -9.9431860e-04
   1.2571324e-02
   1.3183240e-02
   6.6216354e-03
   1.7106040e-02
   1.3241416e-02
   1.3807401e-02
   1.6132699e-02
  -2.4999425e-04
   0.0000000e+00
  -0.0000000e+00
  -0.0000000e+00
  -0.0000000e+00
  -0.0000000e+00
   9.1308271e-03
   3.4847031e-02
   1.7787909e-02
   1.3696730e-03
   3.4037297e-03
   8.8153249e-04
   6.2376025e-03
   0.0000000e+00
   0.0000000e+00
   0.0000000e+00
   0.0000000e+00
  -0.0000000e+00
  -0.0000000e+00
  -0.0000000e+00
   0.0000000e+00
   0.0000000e+00
  -0.0000000e+00
  -0.0000000e+00
  -0.0000000e+00
  -0.0000000e+00
  -0.0000000e+00
  -3.5797171e-02
  -3.7159897e-02
  -1.4689210e-02
  -6.3039772e-03
  -1.8702736e-02
  -1.0538290e-02
   2.3635786e-03
   1.1206744e-02
   1.7490946e-02
   7.6443013e-03
  -0.0000000e+00
  -0.0000000e+00
  -0.0000000e+00
  -0.0000000e+00
  -0.0000000e+00
  -0.0000000e+00
   2.7711723e-02
   1.4598420e-02
  -1.9419082e-02
  -1.8041410e-02
  -1.1760519e-02
  -1.6277686e-02
  -0.0000000e+00
  -0.0000000e+00
   0.0000000e+00
   0.0000000e+00
  -0.0000000e+00
  -0.0000000e+00
  -0.0000000e+00
  -0.0000000e+00
   0.0000000e+00
   0.0000000e+00
  -0.0000000e+00
  -0.0000000e+00
  -0.0000000e+00
  -0.0000000e+00
  -5.5522241e-02
  -5.8960505e-02
  -3.5967126e-02
  -3.1374935e-02
  -4.6747189e-02
  -3.7739508e-02
  -1.8480044e-02
   7.4919080e-03
   2.2712396e-02
   0.0000000e+00
   0.0000000e+00
  -0.0000000e+00
  -0.0000000e+00
  -0.0000000e+00
  -0.0000000e+00
  -0.0000000e+00
   2.9203366e-02
   1.4930364e-02
  -2.2077784e-02
  -2.6995938e-02
  -2.3462607e-02
  -0.0000000e+00
  -0.0000000e+00
  -0.0000000e+00
  -0.0000000e+00
  -0.0000000e+00
  -0.0000000e+00
  -0.0000000e+00
  -0.0000000e+00
  -0.0000000e+00
   0.0000000e+00
   0.0000000e+00
  -0.0000000e+00
  -0.0000000e+00
  -0.0000000e+00
  -0.0000000e+00
  -0.0000000e+00
  -0.0000000e+00
  -3.6379699e-02
  -4.4890109e-02
  -7.2153941e-02
  -6.3661695e-02
  -5.3213116e-02
   4.0880577e-03
   0.0000000e+00
   0.0000000e+00
   0.0000000e+00
  -0.0000000e+00
  -0.0000000e+00
  -0.0000000e+00
  -0.0000000e+00
  -0.0000000e+00
   1.9987332e-02
   4.2964835e-03
  -2.9162744e-02
  -3.0873079e-02
  -1.9666025e-02
  -3.8330104e-02
  -0.0000000e+00
  -0.0000000e+00
  -0.0000000e+00
   0.0000000e+00
   0.0000000e+00
  -0.0000000e+00
  -0.0000000e+00
  -0.0000000e+00
   0.0000000e+00
   0.0000000e+00
  -0.0000000e+00
  -0.0000000e+00
  -0.0000000e+00
  -0.0000000e+00
  -0.0000000e+00
  -0.0000000e+00
  -0.0000000e+00
  -0.0000000e+00
  -0.0000000e+00
  -8.9958459e-02
  -0.0000000e+00
  -0.0000000e+00
   0.0000000e+00
   0.0000000e+00
  -0.0000000e+00
  -0.0000000e+00
  -0.0000000e+00
  -0.0000000e+00
  -0.0000000e+00
  -2.2443898e-02
   7.6088373e-04
  -0.0000000e+00
  -0.0000000e+00
  -4.5841027e-02
  -2.5878929e-02
  -1.6159514e-02
  -1.6953414e-02
  -4.0142152e-02
  -0.0000000e+00
  -0.0000000e+00
  -0.0000000e+00
  -0.0000000e+00
  -0.0000000e+00
  -0.0000000e+00
   0.0000000e+00
   0.0000000e+00
   2.1449078e-02
   9.3720406e-03
  -3.3724953e-03
  -1.4365637e-02
  -1.7847983e-02
  -9.7597726e-03
  -1.0383729e-02
  -3.8168997e-02
  -5.4568190e-02
  -3.9300632e-02
  -5.7135671e-02
  -3.4201857e-02
  -1.2560648e-02
  -1.8440938e-02
  -1.6980153e-02
  -1.0563934e-02
  -2.9442623e-02
  -3.8848948e-02
  -3.2524843e-02
  -9.5946742e-03
   0.0000000e+00
   0.0000000e+00
  -0.0000000e+00
  -0.0000000e+00
  -5.2687142e-02
  -5.0786670e-02
  -3.1470098e-02
  -2.7844572e-02
  -2.8558657e-02
  -2.6836479e-02
  -1.6602514e-02
  -3.4274150e-02
  -3.0363362e-02
  -5.2699423e-03
   1.1709601e-02
   2.8629616e-02
