   1.8191918e+00
   3.9200282e+00
   5.4935765e+00
   6.4859581e+00
   6.7396650e+00
   5.9815216e+00
   4.0973639e+00
   1.7912587e+00
  -2.0389496e-01
  -1.3948563e+00
  -2.6109653e+00
  -3.3856215e+00
  -3.4278114e+00
  -3.2676916e+00
  -2.9688237e+00
  -2.5856302e+00
  -2.2556331e+00
  -1.9584835e+00
  -1.7157792e+00
  -1.7063162e+00
  -2.1932192e+00
  -3.0788670e+00
  -4.1618009e+00
  -4.8970189e+00
  -4.9069409e+00
  -4.4627500e+00
  -3.8580751e+00
  -3.1791492e+00
  -2.3619297e+00
  -1.6025124e+00
  -1.2090533e+00
  -1.3872252e+00
  -2.0022237e+00
  -2.3827009e+00
  -1.8036511e+00
  -2.5376910e-01
  -4.3673577e+00
  -3.6625218e+00
  -2.8573344e+00
  -1.7449647e+00
  -7.5339234e-01
  -6.0775882e-01
  -1.3999326e+00
  -1.9484463e+00
  -1.6243811e+00
  -8.1856489e-01
  -6.0450718e-02
   2.3839945e-01
  -2.0861252e-01
  -1.2329357e+00
  -2.1466858e+00
  -2.5681529e+00
  -2.8646619e+00
  -2.9635282e+00
  -2.5210688e+00
  -1.4603671e+00
  -3.6401147e-01
   9.4235033e-02
  -3.4567565e-01
  -1.2869103e+00
  -2.2816534e+00
  -3.3237941e+00
  -4.4210458e+00
  -5.1830220e+00
  -5.5712514e+00
  -5.6374207e+00
  -4.9572544e+00
  -4.4282098e+00
  -4.6509347e+00
  -5.3994784e+00
  -5.6549602e+00
  -5.1602111e+00
  -2.7013662e+00
  -2.8759887e+00
  -2.7829201e+00
  -2.7138233e+00
  -2.6367083e+00
  -2.5487976e+00
  -2.7185643e+00
  -2.7448978e+00
  -2.2367964e+00
  -1.6866748e+00
  -1.2218549e+00
  -5.1902086e-01
   8.9200631e-02
   1.3432810e-01
  -1.0140792e-01
  -2.1345649e-02
   1.1965364e-01
   2.2495154e-01
   2.1041505e-01
  -2.9708180e-01
  -4.4074896e-01
  -1.7085601e-01
  -2.7219543e-01
  -8.2127953e-01
  -1.1549503e+00
  -1.1436979e+00
  -5.9475511e-01
   2.8948495e-01
   4.4828391e-01
  -5.7026941e-01
  -1.5144900e+00
  -1.9753813e+00
  -1.9268817e+00
  -1.7912446e+00
  -1.9698257e+00
  -2.3115258e+00
   3.1237895e+00
   3.1000361e+00
   3.0717990e+00
   2.1968579e+00
   1.1195694e+00
   8.9226347e-01
   5.9284514e-01
  -9.4378605e-02
  -3.2551950e-01
  -2.0458958e-01
   2.7172950e-01
   1.1851993e+00
   2.2921131e+00
   2.9711671e+00
   2.8861229e+00
   2.7132447e+00
   2.7973218e+00
   3.3495696e+00
   4.1982532e+00
   3.6230538e+00
   2.5737281e+00
   2.5414963e+00
   2.2289090e+00
   1.8246315e+00
   1.7504842e+00
   1.7084692e+00
   2.5480299e+00
   3.8958459e+00
   4.6791558e+00
   4.3949542e+00
   3.5627575e+00
   2.6253910e+00
   2.4584336e+00
   3.1659122e+00
   3.3928285e+00
   3.2802339e+00
   8.3052378e+00
   8.3202944e+00
   8.1581440e+00
   7.2048993e+00
   5.7708693e+00
   4.8916817e+00
   4.0293484e+00
   2.8386645e+00
   2.3543434e+00
   2.6333206e+00
   3.3939438e+00
   3.8848937e+00
   4.5942235e+00
   5.4142566e+00
   5.8799210e+00
   6.1268034e+00
   6.2486324e+00
   6.1177006e+00
   6.7267647e+00
   6.5567198e+00
   5.2933669e+00
   5.4974809e+00
   5.6133642e+00
   6.2081552e+00
   6.7427936e+00
   6.5806618e+00
   6.9567151e+00
   7.3202782e+00
   7.6936455e+00
   7.7336569e+00
   7.6921291e+00
   7.2539182e+00
   7.1427236e+00
   7.8915882e+00
   7.9960232e+00
   8.0638409e+00
   9.9855623e+00
   9.6206388e+00
   9.0484591e+00
   8.4357195e+00
   7.4974031e+00
   6.4472442e+00
   5.9466953e+00
   5.3654327e+00
   5.1166778e+00
   5.1940994e+00
   5.6215215e+00
   5.6618261e+00
   6.1718173e+00
   6.9263763e+00
   7.6733527e+00
   7.9270406e+00
   8.2001247e+00
   7.2243156e+00
   7.0260839e+00
   6.9929152e+00
   5.7510853e+00
   6.5651569e+00
   7.4937835e+00
   8.8133659e+00
   9.5593920e+00
   9.4965057e+00
   9.4334660e+00
   8.6272554e+00
   8.4928741e+00
   8.3130150e+00
   8.7934170e+00
   9.2161856e+00
   9.4355707e+00
   9.9961290e+00
   9.8931761e+00
   9.9074392e+00
   9.2175913e+00
   8.3796043e+00
   7.3875785e+00
   7.1999898e+00
   7.1524611e+00
   6.2784481e+00
   6.5679011e+00
   6.7709203e+00
   6.7527022e+00
   6.4940519e+00
   6.5092545e+00
   6.2966800e+00
   6.8393321e+00
   7.4277272e+00
   8.1595049e+00
   7.8819723e+00
   8.2441263e+00
   6.8023419e+00
   6.0655460e+00
   6.0254970e+00
   4.6943040e+00
   6.1030307e+00
   7.6108084e+00
   9.0986729e+00
   9.7265797e+00
   9.7863817e+00
   9.2363710e+00
   7.5717330e+00
   7.3576484e+00
   7.0508285e+00
   8.0325508e+00
   9.1417589e+00
   9.5296135e+00
   9.8588829e+00
   9.6946192e+00
   9.6253490e+00
   6.2575095e+00
   4.9077702e+00
   3.5337808e+00
   3.8638241e+00
   5.1493825e+00
   4.7275269e+00
   6.1001454e+00
   6.9331015e+00
   6.9713134e+00
   6.3560274e+00
   6.1141370e+00
   5.8386048e+00
   6.5807333e+00
   6.8847806e+00
   7.3566120e+00
   5.9174800e+00
   6.2555984e+00
   4.7995461e+00
   3.9931341e+00
   3.8879493e+00
   2.1932209e+00
   4.1474012e+00
   5.8571277e+00
   6.9393218e+00
   7.1893879e+00
   7.3392758e+00
   6.0432221e+00
   3.7699433e+00
   4.0706959e+00
   4.0007997e+00
   5.7570921e+00
   7.3141429e+00
   7.5304429e+00
   7.5919150e+00
   7.5681344e+00
   7.4581473e+00
   1.2712747e+00
   9.8203057e-01
   1.2703875e-01
   5.5427879e-01
   2.8595839e+00
   2.3347721e+00
   3.3460784e+00
   3.4856281e+00
   3.5251300e+00
   3.1038399e+00
   3.0629988e+00
   2.4496374e+00
   2.7183743e+00
   2.3690953e+00
   2.9358783e+00
   1.3981138e+00
   1.8314383e+00
   8.1441587e-01
   1.4253427e+00
   1.1893730e+00
  -1.1828098e+00
   1.2287956e-01
   1.2042965e+00
   1.8623980e+00
   1.8173994e+00
   1.5858954e+00
   1.8244776e-01
  -2.9579562e-01
   5.5498034e-01
  -7.8897998e-02
   1.4896363e+00
   2.7041464e+00
   2.6444714e+00
   2.6249189e+00
   2.6033702e+00
   2.4558570e+00
  -1.1297400e+00
  -1.2867904e-01
  -4.9114782e-01
  -5.6463814e-01
   1.6017548e+00
   6.1180234e-01
   1.1221077e+00
   9.5172727e-01
   1.1804508e+00
   8.0560839e-01
   8.5730845e-01
   1.4937706e-01
   1.9978184e-01
  -4.6108338e-01
   1.0524237e-01
  -1.1619211e+00
  -7.2785211e-01
  -1.5617537e+00
   4.8428237e-01
   3.6884457e-01
  -2.1942472e+00
  -1.6739736e+00
  -1.1643589e+00
  -6.3137805e-01
  -9.4629425e-01
  -1.4543214e+00
  -2.2827640e+00
  -8.2557917e-01
  -3.7602910e-01
  -1.7454414e+00
  -9.0396118e-01
  -6.7832381e-02
  -1.5505296e-01
  -2.4267299e-01
  -3.9619258e-01
  -5.6250691e-01
  -3.9513003e+00
  -9.1405690e-01
  -5.3596087e-01
  -1.5629864e+00
   2.0107553e-02
  -1.7935592e+00
  -2.0900663e+00
  -2.6086817e+00
  -2.0318337e+00
  -2.3834099e+00
  -2.2258067e+00
  -2.9994601e+00
  -3.1992142e+00
  -4.2242355e+00
  -3.6892398e+00
  -4.4262956e+00
  -4.0214258e+00
  -4.6589923e+00
  -4.2462852e-01
  -2.7605774e-01
  -2.9732747e+00
  -3.6914851e+00
  -4.0333660e+00
  -3.5946822e+00
  -4.3120339e+00
  -5.2069471e+00
  -4.9417692e+00
  -4.9596076e-01
  -9.6205981e-01
  -3.5052107e+00
  -3.9426506e+00
  -3.6935008e+00
  -3.7428459e+00
  -3.9298280e+00
  -4.3271496e+00
  -4.5160461e+00
  -5.2238045e+00
  -4.3591589e-01
   5.6351221e-01
  -2.4224575e+00
  -2.6616886e+00
  -5.0105324e+00
  -5.3820019e+00
  -5.6187363e+00
  -5.0623612e+00
  -5.7162008e+00
  -5.6090226e+00
  -5.8714375e+00
  -5.6602783e+00
  -6.2012806e+00
  -5.9760456e+00
  -6.5410471e+00
  -6.6563263e+00
  -6.2441173e+00
   4.6248233e-01
   1.1776596e-01
  -1.8891883e+00
  -3.5091732e+00
  -4.9692860e+00
  -5.2190719e+00
  -5.8795795e+00
  -6.3405986e+00
  -4.1482792e+00
   1.2929019e+00
  -1.0812536e+00
  -3.5493033e+00
  -5.5154366e+00
  -6.1050601e+00
  -6.0825911e+00
  -6.4097595e+00
  -6.5120449e+00
  -6.5922141e+00
  -5.7011647e+00
  -4.8165011e-01
   7.8484899e-01
  -2.8254440e+00
  -3.7281840e+00
  -6.0649033e+00
  -6.3601613e+00
  -6.5691891e+00
  -6.1712060e+00
  -6.9269428e+00
  -6.8691602e+00
  -6.9621000e+00
  -6.6340871e+00
  -6.9549217e+00
  -6.8292165e+00
  -7.2928200e+00
  -7.4981565e+00
  -6.5104089e+00
   7.3712426e-01
   9.5012322e-02
  -1.5267612e+00
  -3.3948827e+00
  -5.2903166e+00
  -5.9246497e+00
  -6.4672432e+00
  -6.5732298e+00
  -3.6688895e+00
   1.7133123e+00
  -1.3291987e+00
  -3.5476143e+00
  -6.0167475e+00
  -6.9374146e+00
  -6.9186897e+00
  -7.2720232e+00
  -7.2104263e+00
  -7.2198906e+00
  -6.3919594e+00
  -1.6859574e+00
   1.3886952e-01
  -3.8159769e+00
  -5.5772253e+00
  -6.8200312e+00
  -6.4774862e+00
  -7.0409788e+00
  -7.6342124e+00
  -8.4793050e+00
  -8.6471085e+00
  -8.6075896e+00
  -8.2990326e+00
  -8.1061216e+00
  -8.0401503e+00
  -8.1706799e+00
  -7.9751138e+00
  -5.2356454e+00
   8.4058348e-01
  -7.9992347e-01
  -1.2260203e+00
  -2.9974244e+00
  -5.6028713e+00
  -7.4321649e+00
  -7.3157599e+00
  -5.9358723e+00
  -2.0563501e+00
   1.0543790e+00
  -2.7155533e+00
  -3.4530007e+00
  -6.2937564e+00
  -7.7763556e+00
  -7.9181917e+00
  -8.1757830e+00
  -7.6080315e+00
  -7.3639094e+00
  -6.0374980e+00
  -2.4432092e+00
  -6.9889927e-01
  -3.7431617e+00
  -5.1248288e+00
  -5.6027813e+00
  -5.3523750e+00
  -6.2785807e+00
  -7.1125007e+00
  -7.7559247e+00
  -8.0576267e+00
  -8.2229328e+00
  -8.1438847e+00
  -7.9974074e+00
  -8.0246334e+00
  -7.8477483e+00
  -7.1108541e+00
  -4.1073647e+00
   1.0715871e-01
  -1.5104096e+00
  -1.5250891e+00
  -3.0234716e+00
  -5.6915011e+00
  -7.4679041e+00
  -7.3664341e+00
  -6.0090265e+00
  -2.2007680e+00
  -6.6228136e-03
  -3.1321809e+00
  -3.7012761e+00
  -5.7912164e+00
  -7.1372986e+00
  -7.4728761e+00
  -7.6747012e+00
  -7.2445951e+00
  -6.7557535e+00
  -5.5943859e+00
  -3.3898492e+00
  -1.7461937e+00
  -3.6521353e+00
  -4.5592876e+00
  -4.0810962e+00
  -3.9458732e+00
  -5.3255061e+00
  -6.4603092e+00
  -6.8516270e+00
  -7.3207174e+00
  -7.7420717e+00
  -7.9499352e+00
  -7.8615037e+00
  -8.0052361e+00
  -7.4440523e+00
  -6.0304430e+00
  -2.6969008e+00
  -8.0969545e-01
  -2.3985882e+00
  -1.8989552e+00
  -3.0560327e+00
  -5.8022977e+00
  -7.5125819e+00
  -7.4297841e+00
  -6.1004769e+00
  -2.3813051e+00
  -1.3329810e+00
  -3.6530073e+00
  -4.0116455e+00
  -5.1629905e+00
  -6.3384134e+00
  -6.9161877e+00
  -7.0482981e+00
  -6.7902606e+00
  -5.9954969e+00
  -3.1086185e+00
  -2.7420449e+00
  -2.4066100e+00
  -3.4749889e+00
  -4.0151772e+00
  -3.4411368e+00
  -3.9363613e+00
  -5.1096306e+00
  -5.6084285e+00
  -5.6904268e+00
  -5.9478121e+00
  -6.1972008e+00
  -6.1197634e+00
  -5.7237864e+00
  -5.9978018e+00
  -5.7433209e+00
  -4.5968018e+00
  -2.1269679e+00
  -1.7848891e+00
  -2.0814364e+00
  -1.8141189e+00
  -2.5150118e+00
  -4.5789261e+00
  -5.0102968e+00
  -4.9743476e+00
  -4.7106781e+00
  -1.6475749e+00
  -7.5151789e-01
  -2.2535510e+00
  -3.6948137e+00
  -3.1791542e+00
  -3.3326864e+00
  -4.1397161e+00
  -4.4523973e+00
  -4.0241094e+00
  -3.2109103e+00
  -2.1582089e+00
  -2.4943628e+00
  -2.6591142e+00
  -3.4072590e+00
  -3.8071416e+00
  -3.1964543e+00
  -3.9327244e+00
  -5.0270921e+00
  -5.2827197e+00
  -5.2464533e+00
  -5.4228943e+00
  -5.6065344e+00
  -5.4200142e+00
  -4.9064498e+00
  -5.2302784e+00
  -5.0930617e+00
  -4.0486633e+00
  -1.9090592e+00
  -2.1577450e+00
  -1.9601766e+00
  -1.7816826e+00
  -2.3081571e+00
  -4.1111814e+00
  -4.0535715e+00
  -4.0355340e+00
  -4.1793014e+00
  -1.3670399e+00
  -5.2920099e-01
  -1.7184819e+00
  -3.5736761e+00
  -2.4206527e+00
  -2.1834747e+00
  -3.0781584e+00
  -3.4598783e+00
  -2.9664971e+00
  -2.1462500e+00
   4.1829762e-01
  -1.4743031e+00
  -3.5705400e+00
  -5.0631113e+00
  -5.8404055e+00
  -6.1102343e+00
  -6.8900499e+00
  -7.2010689e+00
  -6.9376016e+00
  -6.9178619e+00
  -6.3733540e+00
  -5.9946327e+00
  -5.2021947e+00
  -3.7884760e+00
  -3.0405874e+00
  -3.6179903e+00
  -3.7707314e+00
  -3.0066185e+00
  -2.9703302e+00
  -2.1268601e+00
  -3.0844035e+00
  -3.2578678e+00
  -3.3460727e+00
  -1.3353896e+00
   8.5375309e-01
   3.8132736e-01
   1.7244303e+00
   1.8384182e+00
   5.1870573e-01
  -1.9042622e+00
  -1.0387460e+00
   4.0974921e-01
  -6.8910748e-02
   1.0438561e+00
   3.2828050e+00
   2.5897527e+00
   4.6606746e-01
  -1.4785999e+00
  -3.7674930e+00
  -5.5132008e+00
  -6.4189010e+00
  -6.8284755e+00
  -7.4566140e+00
  -7.7640352e+00
  -7.6191745e+00
  -7.5926490e+00
  -6.9946127e+00
  -6.5649667e+00
  -5.7647429e+00
  -4.3907723e+00
  -3.1994522e+00
  -3.6588655e+00
  -3.9496536e+00
  -3.5062869e+00
  -3.5295188e+00
  -2.8540397e+00
  -3.9444513e+00
  -4.1520419e+00
  -3.8838706e+00
  -1.6799027e+00
   1.1041212e+00
   5.7052422e-01
   1.5173805e+00
   1.3880019e+00
   3.0554554e-01
  -1.5038377e+00
  -1.2504053e+00
   2.7373701e-01
   2.8024906e-01
   1.9203563e+00
   3.9867351e+00
   2.9013083e+00
   5.0217064e-01
  -1.5341860e+00
  -4.3223856e+00
  -6.7991302e+00
  -8.0756613e+00
  -8.8691799e+00
  -9.0388177e+00
  -9.3681607e+00
  -9.6021095e+00
  -9.5544629e+00
  -8.8254025e+00
  -8.2659414e+00
  -7.4676107e+00
  -6.2509513e+00
  -3.7693256e+00
  -3.8436096e+00
  -4.4999858e+00
  -4.9648341e+00
  -5.1791884e+00
  -5.0365140e+00
  -6.4794752e+00
  -6.8045760e+00
  -5.5351001e+00
  -2.8308359e+00
   1.6535230e+00
   9.4948815e-01
   7.6472261e-01
  -6.7136281e-02
  -4.2979053e-01
  -3.6801099e-01
  -1.9454628e+00
  -2.4420275e-01
   1.2057053e+00
   4.3710796e+00
   5.8448899e+00
   3.6413458e+00
   1.0614263e+00
  -9.4292200e-01
  -3.8221712e+00
  -6.4312658e+00
  -7.8925319e+00
  -8.7957859e+00
  -9.0552540e+00
  -9.6767473e+00
  -9.9476738e+00
  -9.7866516e+00
  -9.1758909e+00
  -8.6856289e+00
  -7.9912548e+00
  -6.9494457e+00
  -3.8679085e+00
  -3.2561405e+00
  -4.3476872e+00
  -5.8019938e+00
  -6.6710658e+00
  -6.6401181e+00
  -7.6263928e+00
  -7.8521461e+00
  -6.4323201e+00
  -4.1400323e+00
   8.7702997e-02
  -1.1771786e+00
  -1.6546143e+00
  -2.3592587e+00
  -1.6626574e+00
   2.0252831e-02
  -1.8728355e+00
  -8.3012879e-02
   2.1286786e+00
   4.9859562e+00
   4.0730715e+00
   2.7080293e+00
   1.5599948e+00
  -4.1581827e-01
  -3.3762369e+00
  -6.1033203e+00
  -7.7292740e+00
  -8.7303552e+00
  -9.0699053e+00
  -9.9518491e+00
  -1.0255737e+01
  -9.9936433e+00
  -9.4883468e+00
  -9.0597755e+00
  -8.4580774e+00
  -7.5721425e+00
  -3.9557938e+00
  -2.7324197e+00
  -4.2119155e+00
  -6.5483092e+00
  -8.0010537e+00
  -8.0697089e+00
  -8.6488535e+00
  -8.7860411e+00
  -7.2321795e+00
  -5.3071623e+00
  -1.3082033e+00
  -3.0730717e+00
  -3.8114188e+00
  -4.4026530e+00
  -2.7617411e+00
   3.6638455e-01
  -1.8080894e+00
   6.0685578e-02
   2.9514960e+00
   5.5341104e+00
   2.4935208e+00
   1.8759912e+00
   3.1806717e+00
  -3.6482811e-03
  -2.6716328e+00
  -4.5270634e+00
  -5.8612676e+00
  -6.6349354e+00
  -7.7185440e+00
  -9.0543566e+00
  -8.9926891e+00
  -8.6935320e+00
  -8.4136677e+00
  -8.6071110e+00
  -7.9289675e+00
  -6.0816603e+00
  -1.6506314e+00
  -3.8686533e-02
  -3.1917894e+00
  -6.4375620e+00
  -7.9972248e+00
  -8.3772030e+00
  -8.3121290e+00
  -7.7086086e+00
  -6.7567658e+00
  -5.7512760e+00
  -2.8389776e+00
  -4.1243181e+00
  -4.5390968e+00
  -4.7868290e+00
  -2.5760112e+00
   3.9675185e-01
  -6.1385643e-01
   1.5016996e+00
   4.1103325e+00
   5.1881676e+00
   1.0002722e+00
   2.9841704e+00
   3.1513898e+00
  -4.5814669e-01
  -2.6920536e+00
  -3.9452083e+00
  -4.9006286e+00
  -5.4785528e+00
  -6.7359471e+00
  -8.1481466e+00
  -8.0170231e+00
  -7.8538389e+00
  -7.7365017e+00
  -8.1636105e+00
  -7.3732224e+00
  -5.0760460e+00
  -5.7833683e-01
   9.2095453e-01
  -2.8310421e+00
  -5.8869591e+00
  -7.1159048e+00
  -7.7382617e+00
  -7.6073437e+00
  -6.8731065e+00
  -6.3361192e+00
  -5.6581907e+00
  -3.0963030e+00
  -3.9028058e+00
  -4.2496877e+00
  -4.4630647e+00
  -2.1588798e+00
   4.2338800e-01
  -1.9208226e-01
   1.8759538e+00
   4.1334472e+00
   4.9252958e+00
   1.2671462e+00
   3.7229443e+00
   1.8069986e+00
  -2.5838146e+00
  -3.3072272e+00
  -2.8174805e+00
  -2.4825091e+00
  -2.4516582e+00
  -3.8388928e+00
  -5.2121096e+00
  -5.0807273e+00
  -5.4881594e+00
  -5.8485657e+00
  -6.7368765e+00
  -5.5565318e+00
  -2.1925259e+00
   1.9541752e+00
   2.7096560e+00
  -2.1643158e+00
  -3.7739042e+00
  -3.6022821e+00
  -4.9559430e+00
  -5.0502591e+00
  -4.3554874e+00
  -5.0178055e+00
  -4.9503895e+00
  -2.9635878e+00
  -2.2227072e+00
  -2.5437626e+00
  -2.8802378e+00
  -6.3517678e-01
   5.0666666e-01
   5.8626976e-01
   2.2777778e+00
   3.3479310e+00
   4.1384549e+00
   3.4630271e+00
   5.8313249e+00
  -3.2421041e-01
  -3.5397134e+00
  -3.1237397e+00
  -1.9116933e+00
  -7.3461902e-01
  -2.9420418e-01
  -1.1391244e+00
  -1.9766620e+00
  -1.9238218e+00
  -2.5363934e+00
  -2.9754603e+00
  -3.4054554e+00
  -2.1753929e+00
   1.4983371e-01
   2.9772840e+00
   3.0435925e+00
  -1.3276960e+00
  -1.0896981e+00
   1.9569993e-01
  -7.5466621e-01
  -1.0882225e+00
  -1.5595307e+00
  -2.9487832e+00
  -3.1992531e+00
  -2.2041430e+00
  -1.3109708e+00
  -2.0095685e+00
  -2.3112140e+00
   6.8654254e-02
   1.2187661e+00
   1.2543765e+00
   1.8734888e+00
   2.2431035e+00
   3.6057093e+00
   5.1870770e+00
   5.7739224e+00
  -1.4729501e+00
  -3.7194340e+00
  -2.7043209e+00
  -1.1217513e+00
   5.5812949e-01
   1.2946839e+00
   9.1140395e-01
   4.8949730e-01
   5.6604981e-01
  -4.5776397e-02
  -4.8590422e-01
  -5.8383590e-01
   5.0997871e-01
   1.7779945e+00
   3.5703435e+00
   3.2781439e+00
  -6.2139755e-01
   8.3171725e-01
   2.8310757e+00
   2.3420916e+00
   1.9346544e+00
   6.7211765e-01
  -1.0783291e+00
  -1.5772413e+00
  -1.4415836e+00
  -5.9677672e-01
  -1.5252510e+00
  -1.7241788e+00
   6.1497796e-01
   1.7982720e+00
   1.7074088e+00
   1.4362603e+00
   1.4404068e+00
   3.2206359e+00
   6.0891137e+00
   5.4905648e+00
  -5.2201330e-01
  -9.5400438e-01
  -5.5184761e-01
   5.7736414e-01
   2.2224289e+00
   3.3017252e+00
   3.8568643e+00
   4.0805352e+00
   4.6525517e+00
   4.9082570e+00
   4.7913973e+00
   5.0816980e+00
   5.0167225e+00
   3.2815283e+00
   3.4037983e+00
   3.5094584e+00
   7.8538980e-01
   2.9425407e+00
   5.2370272e+00
   6.2690561e+00
   6.3522733e+00
   4.4758329e+00
   3.2632612e+00
   2.3687296e+00
   6.8181894e-01
   5.4928554e-01
  -3.9461268e-01
  -2.3899264e-02
   1.4647698e+00
   2.8446218e+00
   2.0570333e+00
   8.7807630e-02
   4.8907245e-01
   2.7757419e+00
   5.1299517e+00
   3.7565623e+00
   2.8106174e+00
   1.7587680e+00
   7.2943985e-01
   1.3659549e+00
   2.4729531e+00
   3.2165747e+00
   3.9494061e+00
   4.4058995e+00
   5.3890038e+00
   6.4871507e+00
   6.8571167e+00
   6.9666529e+00
   5.7195821e+00
   3.0489821e+00
   3.1949401e+00
   3.2878366e+00
   9.3797678e-01
   2.4089134e+00
   4.0034308e+00
   5.3236575e+00
   6.1548948e+00
   5.5543876e+00
   5.3644009e+00
   4.3391171e+00
   2.4080508e+00
   1.8059978e+00
   1.2249491e+00
   2.0633554e+00
   2.4460223e+00
   2.7916973e+00
   1.3030120e+00
  -1.1239321e+00
   2.3406342e-01
   2.7715187e+00
   3.8522234e+00
   3.8131397e+00
   5.0002303e+00
   3.0235324e+00
   1.2317407e+00
   1.5486056e+00
   1.9482226e+00
   2.1029360e+00
   2.5197678e+00
   2.9914994e+00
   4.3166637e+00
   6.0477724e+00
   6.7488184e+00
   6.5846710e+00
   5.0430632e+00
   2.8686962e+00
   3.1723680e+00
   2.5384033e+00
   2.4963716e-01
   1.3235663e+00
   2.6162412e+00
   3.7324483e+00
   4.5979476e+00
   4.8949528e+00
   5.4842949e+00
   4.6119699e+00
   3.1575952e+00
   2.4460497e+00
   2.0971062e+00
   3.2598581e+00
   2.9455805e+00
   2.4332173e+00
   9.1854149e-01
  -9.3999451e-01
   5.9304798e-01
   2.7124906e+00
   3.1143973e+00
   4.2484980e+00
   5.8790569e+00
   3.0485957e+00
   1.2180257e+00
   1.2351534e+00
   6.2684065e-01
  -1.0439670e-01
  -3.4533721e-01
   1.3668326e-01
   1.8107492e+00
   3.8569691e+00
   4.5268931e+00
   4.0297093e+00
   3.0759122e+00
   2.5546696e+00
   2.9790688e+00
   1.1558926e+00
  -1.0087581e+00
   1.6281955e-02
   1.2862459e+00
   1.6538060e+00
   1.7352622e+00
   2.3198318e+00
   3.2898984e+00
   2.9194818e+00
   2.6708016e+00
   2.3348260e+00
   2.2945700e+00
   3.6164782e+00
   2.8484983e+00
   1.6875038e+00
   8.7266988e-01
   3.2289380e-01
   1.3323430e+00
   2.4033091e+00
   2.6431842e+00
   4.6803341e+00
   4.3081188e+00
   2.0603054e+00
   1.2094436e+00
   7.8285384e-01
  -8.9630002e-01
  -2.4116211e+00
  -2.9074960e+00
  -1.9769630e+00
  -1.1066918e-01
   1.3368365e+00
   1.0901349e+00
   4.5998025e-01
   7.5195348e-01
   1.6682065e+00
   1.7070413e+00
  -4.7984847e-01
  -1.5305655e+00
  -8.2667060e-02
   1.0315042e+00
   1.5096170e-01
  -1.3330359e+00
  -1.7871675e+00
  -1.3917639e+00
  -9.8542070e-01
   1.3571526e-01
   8.8457155e-01
   1.6846731e+00
   2.8867230e+00
   1.7481821e+00
   4.8156458e-01
   8.9587343e-01
   1.3821905e+00
   1.5167571e+00
   1.4490546e+00
   2.0320990e+00
   3.9173305e+00
   1.9398360e+00
   1.1623062e+00
   1.2123966e+00
   6.4338791e-01
  -9.6489573e-01
  -2.0467849e+00
  -1.7132343e+00
  -5.6654376e-01
   3.9617810e-01
   4.0651497e-01
  -5.8267754e-01
  -8.4966481e-01
  -1.5861250e-01
   3.5437477e-01
  -1.4109696e-01
  -9.2070103e-01
  -3.4345394e-01
   7.5881946e-01
   4.3733096e-01
  -1.3672078e+00
  -3.3042088e+00
  -4.1461935e+00
  -4.0823932e+00
  -3.6338830e+00
  -2.7256670e+00
  -1.3920548e+00
   4.0082070e-01
   1.6262407e+00
   2.6020437e-01
  -1.1502824e+00
  -5.0769198e-01
   6.0400325e-01
   5.5531693e-01
   3.9539102e-01
   1.0931278e+00
   2.0707881e+00
  -4.6680480e-02
  -1.0696375e-01
  -5.0552838e-02
  -4.4797859e-01
  -1.0504811e+00
  -1.0127044e+00
  -2.1322548e-01
   3.0913973e-01
  -1.4376830e-02
  -8.5231149e-01
  -1.3699809e+00
  -8.5093355e-01
  -1.6669101e-01
  -1.6467802e-01
  -6.2516528e-01
  -4.9428812e-01
   1.3946623e-01
   7.8070238e-02
  -1.0854867e+00
  -2.1457736e+00
  -1.9595795e+00
  -7.6479906e-01
   7.8208953e-02
  -4.1588688e-01
  -1.6151944e+00
  -1.9767922e+00
  -1.5129457e+00
  -8.5339868e-01
  -1.0478593e+00
  -1.5292391e+00
  -1.1701115e+00
  -5.8799338e-01
  -4.7672749e-01
  -3.8857257e-01
  -1.4135742e-01
   3.1279035e-02
  -4.2132691e-01
  -4.4719470e-01
  -5.7124375e-01
  -7.2792011e-01
  -8.0906125e-01
  -6.4610626e-01
  -3.0756802e-01
  -2.4971638e-01
  -5.9992646e-01
  -1.1315005e+00
  -1.5424079e+00
  -1.6575243e+00
  -1.6774994e+00
  -1.7395701e+00
  -1.7946116e+00
  -1.7363901e+00
  -1.6806115e+00
  -1.6783187e+00
  -1.5356717e+00
  -8.8440208e-01
   6.1809157e-01
   2.3465532e+00
   3.4334599e+00
   3.2259585e+00
   1.7877801e+00
   3.1018131e-01
  -5.7115282e-01
  -9.1334493e-01
  -8.2953937e-01
  -5.6452786e-01
  -3.5258944e-01
  -2.9937076e-01
  -4.1735255e-01
  -5.7406527e-01
  -5.8745928e-01
  -5.0075856e-01
