  5.640842e-01
  4.920907e-01
  4.686382e-01
  4.731007e-01
  4.593491e-01
  4.272872e-01
  3.904086e-01
  3.466103e-01
  3.309125e-01
  3.146135e-01
  2.913186e-01
  2.788762e-01
  2.722810e-01
  2.539653e-01
  2.647484e-01
  2.768441e-01
  3.181685e-01
  3.321371e-01
  3.496713e-01
  3.374621e-01
  3.055292e-01
  2.832397e-01
  2.654095e-01
  2.651795e-01
  2.627500e-01
  2.545415e-01
  2.647498e-01
  2.793543e-01
  3.313420e-01
  3.726447e-01
  4.388704e-01
  5.218969e-01
  5.677409e-01
  5.543331e-01
  5.787003e-01
  6.703708e-01
