   0.0000000e+00
   0.0000000e+00
   0.0000000e+00
   0.0000000e+00
   0.0000000e+00
   0.0000000e+00
   0.0000000e+00
   0.0000000e+00
   0.0000000e+00
   0.0000000e+00
   0.0000000e+00
   0.0000000e+00
   0.0000000e+00
   0.0000000e+00
   0.0000000e+00
   0.0000000e+00
   0.0000000e+00
   0.0000000e+00
   0.0000000e+00
   0.0000000e+00
   0.0000000e+00
   0.0000000e+00
  -0.0000000e+00
  -0.0000000e+00
  -0.0000000e+00
  -0.0000000e+00
  -0.0000000e+00
  -0.0000000e+00
  -0.0000000e+00
  -0.0000000e+00
   0.0000000e+00
   0.0000000e+00
   0.0000000e+00
   0.0000000e+00
   0.0000000e+00
   0.0000000e+00
   0.0000000e+00
   7.1514584e-02
   4.8247449e-02
   5.7695780e-02
   5.1386002e-02
   7.7383585e-02
   8.6976930e-02
   3.7170906e-02
   2.4708154e-02
   1.4054851e-02
   1.2547798e-02
   1.1548142e-02
   1.1162091e-02
   2.0859106e-02
   3.4460727e-02
   4.0879529e-02
   6.3678592e-02
   6.3080400e-02
   6.8208329e-02
   6.2631518e-02
   2.9864857e-02
   2.3615120e-02
   1.1669340e-02
  -8.1792951e-04
  -2.9304100e-02
  -1.9213507e-02
   9.8737739e-03
   2.9873461e-02
   5.5453967e-02
   6.4752266e-02
   1.5986833e-01
   2.1855342e-01
   1.8675646e-01
   7.1810514e-02
   6.5883420e-02
   0.0000000e+00
   2.9625751e-02
   4.4272043e-02
   2.6352031e-02
   1.6859500e-03
  -8.8375341e-03
   2.5897301e-03
   1.6082736e-02
   1.8400848e-02
   2.2985969e-02
   3.2483306e-02
   3.6789466e-02
   3.4573570e-02
   3.4870267e-02
   3.0799871e-02
   1.9097043e-02
   1.3530004e-02
   9.6831257e-03
  -2.0345703e-03
  -1.3926381e-02
  -7.5954185e-03
   4.4590123e-03
   1.0560135e-02
   1.8578764e-02
   2.6262304e-02
   2.4759458e-02
   2.2640262e-02
   2.2798238e-02
   2.2827838e-02
   2.3857016e-02
   2.3678383e-02
   2.9979315e-02
   5.3432241e-02
   7.1365841e-02
   4.9029000e-02
   2.1642167e-02
   1.5265931e-02
  -3.0043961e-03
   3.3698953e-04
  -1.0709849e-02
  -2.0046100e-02
  -2.1006329e-02
  -7.5328983e-03
   7.3475111e-03
   9.7991982e-03
   1.6383937e-02
   2.5963362e-02
   2.2272244e-02
   1.5532280e-02
   1.7952334e-02
   2.0246943e-02
   9.1308076e-03
  -2.1507319e-03
  -6.7562922e-03
  -1.9378632e-02
  -2.3942677e-02
  -7.5092232e-03
   2.5835594e-03
   5.0545726e-03
   2.2649128e-02
   3.8787805e-02
   2.6202558e-02
   2.7702458e-03
  -7.6611978e-03
  -5.4534143e-03
  -2.9107870e-04
   9.0984692e-04
   5.9660099e-04
   1.1028909e-02
   2.1969173e-02
   1.3770686e-02
  -5.5525079e-03
  -1.0395480e-02
  -2.1465272e-02
  -2.4199208e-02
  -2.5733827e-02
  -2.2424448e-02
  -1.8594252e-02
  -1.1221388e-02
  -3.6839810e-03
  -1.0501057e-03
  -1.6421044e-03
  -5.8521517e-03
  -1.3374401e-02
  -7.5654062e-03
   6.9951811e-03
   2.0857563e-02
   1.1131477e-02
  -1.0555980e-02
  -1.5815293e-02
  -3.0858004e-02
  -4.9703550e-02
  -0.0000000e+00
   2.1330270e-03
   6.9640982e-03
   2.2629634e-02
   2.4544563e-02
   3.5135543e-03
  -1.7784344e-02
  -2.1995464e-02
  -1.5838409e-02
  -1.4833400e-02
  -1.1131958e-02
  -5.9127840e-03
  -5.5022179e-03
  -9.0689119e-03
  -1.5846662e-02
  -2.4424195e-02
  -2.5260722e-02
  -2.9045597e-02
  -3.1439856e-02
  -3.1205526e-02
  -2.8774340e-02
  -2.1333251e-02
  -9.9493274e-03
  -2.0161220e-03
   3.3703109e-03
  -6.7677437e-03
  -2.2390414e-02
  -2.6165999e-02
  -1.1843810e-02
   8.3279808e-04
   9.3201548e-03
  -5.3091873e-03
  -2.6872763e-02
  -2.4398346e-02
  -3.5306484e-02
  -9.3773603e-02
  -0.0000000e+00
   5.8858620e-04
   6.5104677e-03
   1.6544180e-02
  -1.3775347e-03
  -2.3399673e-02
  -3.4503475e-02
  -3.2614075e-02
  -2.3261769e-02
  -2.4984524e-02
  -2.0324454e-02
  -5.0522103e-03
  -3.8649042e-03
  -1.5786508e-02
  -2.5705211e-02
  -2.9438786e-02
  -3.0414701e-02
  -2.2060609e-02
  -1.4547210e-02
  -7.3287739e-03
  -1.6190122e-02
  -8.3881322e-03
   9.4059038e-03
   8.3763613e-03
  -3.1412406e-03
  -1.5200429e-02
  -1.6106355e-02
  -1.7797000e-02
  -8.4582051e-03
  -6.9741911e-03
  -1.0749093e-02
  -2.1611016e-02
  -2.8603338e-02
  -2.4654117e-02
  -2.6363324e-02
  -4.0809649e-02
  -0.0000000e+00
   7.3150971e-03
   4.6438220e-03
   4.9090634e-03
  -1.8271029e-02
  -3.2338873e-02
  -3.8475355e-02
  -3.8816686e-02
  -2.6999251e-02
  -1.7549760e-02
  -6.7878573e-03
  -2.3255357e-03
  -5.4578409e-03
  -1.6132382e-02
  -2.2670097e-02
  -2.3175209e-02
  -2.2465435e-02
  -9.3383007e-03
   5.9614857e-03
   1.2682712e-02
   1.0083179e-02
   0.0000000e+00
   1.0324121e-02
   9.2054706e-04
  -1.1028104e-02
  -2.1879775e-02
  -1.6495634e-02
  -1.7695878e-02
  -1.2073262e-02
  -1.1542961e-02
  -1.3709094e-02
  -1.7562095e-02
  -2.1016018e-02
  -1.4385424e-02
  -7.3716827e-03
   8.9795282e-04
   0.0000000e+00
   1.2322018e-02
  -1.7925953e-03
  -8.9262780e-03
  -1.6265605e-02
  -2.0586133e-02
  -2.4169736e-02
  -1.8540367e-02
  -1.4266779e-03
   3.8413312e-03
   4.3496736e-03
  -1.0302751e-02
  -1.3503110e-02
  -1.4340183e-02
  -1.5548308e-02
  -1.5615160e-02
  -1.5208536e-02
   4.4164639e-03
   3.9280057e-02
   4.3611046e-02
   0.0000000e+00
   0.0000000e+00
   5.8425311e-04
  -3.7848696e-03
  -9.5657678e-03
  -1.8892957e-02
  -1.5359456e-02
  -1.6396917e-02
  -1.1315881e-02
  -1.0995776e-02
  -1.1202207e-02
  -1.1268863e-02
  -1.3173344e-02
  -5.7680630e-03
   7.5186747e-03
   2.1156229e-02
   0.0000000e+00
   0.0000000e+00
  -5.4301918e-03
  -1.3620586e-02
  -1.0068596e-02
  -1.2262246e-02
  -1.2480035e-02
   6.2459991e-03
   2.1740340e-02
   0.0000000e+00
   4.4519780e-03
  -1.3278610e-02
  -1.1162505e-02
  -8.1444113e-03
  -8.2349824e-03
  -7.1317311e-03
  -6.6428552e-03
   2.2346500e-02
   8.8741475e-02
   0.0000000e+00
   0.0000000e+00
   0.0000000e+00
  -1.7917763e-02
  -8.1035449e-03
  -2.2560462e-03
  -9.4775474e-03
  -1.3036134e-02
  -1.4060152e-02
  -7.8047163e-03
  -7.3145478e-03
  -4.8471995e-03
  -2.0290308e-03
  -3.1449569e-03
   4.1210689e-03
   2.3876803e-02
   3.4130429e-02
   0.0000000e+00
   0.0000000e+00
  -8.3754684e-03
  -1.4187837e-02
   1.8884372e-04
  -3.7823374e-03
   7.1506031e-04
   4.0105819e-02
   4.9515895e-02
   0.0000000e+00
  -1.8728782e-03
  -1.4102217e-02
  -2.1401911e-03
   2.2354465e-03
   1.0892840e-03
   4.0944603e-03
   4.9123417e-03
   4.1426875e-02
   1.0791896e-01
   0.0000000e+00
   0.0000000e+00
   0.0000000e+00
  -2.5982941e-02
   7.5044450e-03
   1.2006488e-02
   8.1549594e-03
  -1.1946589e-03
   2.1881668e-03
   5.8244881e-03
   2.2528186e-03
   7.9665594e-03
   1.0212652e-02
   5.9385044e-03
   1.0125505e-02
   4.4741623e-02
   4.0112242e-02
  -0.0000000e+00
   0.0000000e+00
  -5.2088527e-03
   3.1563709e-04
   9.3489308e-03
   6.2285187e-03
   1.6934184e-02
   7.2341643e-02
   1.0062063e-01
  -0.0000000e+00
  -1.9317444e-02
  -2.5928873e-03
   1.5990127e-02
   1.5729586e-02
   1.3074146e-02
   1.5420245e-02
   1.8217510e-02
   4.7506228e-02
   9.1948807e-02
   0.0000000e+00
   0.0000000e+00
  -0.0000000e+00
  -1.5027581e-02
   1.6412007e-02
   1.5649958e-02
   1.2934874e-02
   3.3592242e-03
   8.7490091e-03
   1.0709908e-02
   7.5376127e-03
   1.3968281e-02
   1.5170433e-02
   1.1130720e-02
   1.5403484e-02
   5.3676169e-02
   3.6261223e-02
  -0.0000000e+00
  -0.0000000e+00
  -0.0000000e+00
   5.9670969e-03
   1.2048999e-02
   1.1724790e-02
   2.5413411e-02
   7.7733636e-02
   0.0000000e+00
  -0.0000000e+00
  -1.2146825e-02
   8.2806861e-03
   2.3122877e-02
   1.9231835e-02
   1.7770838e-02
   2.0067954e-02
   2.6302505e-02
   5.4815860e-02
   4.0849017e-02
  -0.0000000e+00
  -0.0000000e+00
  -6.5954455e-03
   1.7683363e-02
   3.2806138e-02
   1.8729396e-02
   1.7471335e-02
   9.9628830e-03
   1.8636677e-02
   1.7368285e-02
   1.7122712e-02
   2.3956818e-02
   2.2658991e-02
   2.0693500e-02
   2.6610491e-02
   6.7722109e-02
   2.3314309e-02
  -0.0000000e+00
  -0.0000000e+00
  -0.0000000e+00
   1.4250758e-02
   1.4979828e-02
   2.1665528e-02
   4.0392453e-02
   7.7168584e-02
   0.0000000e+00
  -0.0000000e+00
   0.0000000e+00
   3.1765359e-02
   3.3658131e-02
   2.2291143e-02
   2.4686512e-02
   2.7157334e-02
   4.1579260e-02
   5.4039210e-02
   2.9900381e-02
  -0.0000000e+00
  -0.0000000e+00
   1.0211539e-02
   2.7975280e-02
   3.5151858e-02
   1.9804899e-02
   2.1727478e-02
   1.7810613e-02
   2.8961338e-02
   2.5994578e-02
   3.1381134e-02
   3.3160895e-02
   2.9538214e-02
   3.2617785e-02
   4.3730311e-02
   6.3858621e-02
  -0.0000000e+00
  -0.0000000e+00
  -0.0000000e+00
  -0.0000000e+00
   3.4752838e-02
   2.1568999e-02
   3.1309932e-02
   4.6231680e-02
   6.1847527e-02
   0.0000000e+00
  -0.0000000e+00
   0.0000000e+00
   3.8592540e-02
   4.2757552e-02
   2.8365664e-02
   3.7791725e-02
   4.1480985e-02
   5.6531902e-02
   5.3589459e-02
   2.3560163e-02
  -0.0000000e+00
   0.0000000e+00
   1.9944255e-02
   3.3935202e-02
   3.6510230e-02
   2.0427710e-02
   2.4192159e-02
   2.2355137e-02
   3.4940222e-02
   3.0989961e-02
   3.9638017e-02
   3.8490855e-02
   3.3521890e-02
   3.9522999e-02
   5.3644185e-02
   6.1621316e-02
  -0.0000000e+00
  -0.0000000e+00
  -0.0000000e+00
   0.0000000e+00
   4.6625341e-02
   2.5384708e-02
   3.6894889e-02
   4.9613108e-02
   5.2975286e-02
  -0.0000000e+00
  -0.0000000e+00
   0.0000000e+00
   4.2546070e-02
   4.8026914e-02
   3.1883343e-02
   4.5380793e-02
   4.9775633e-02
   6.5190797e-02
   2.8680772e-02
   0.0000000e+00
   2.8648464e-02
   1.1083350e-02
   1.8273477e-02
   1.9188140e-02
   1.2887632e-02
   1.1920542e-02
   1.7950790e-02
   2.0274086e-02
   3.3669304e-02
   3.4669943e-02
   4.7002524e-02
   4.3355927e-02
   4.6291161e-02
   4.9248297e-02
   5.5943172e-02
   4.0497724e-02
  -0.0000000e+00
  -0.0000000e+00
   0.0000000e+00
   0.0000000e+00
   6.7860305e-02
   3.9041460e-02
   4.5336735e-02
   4.5579508e-02
   3.3281833e-02
  -0.0000000e+00
   0.0000000e+00
   0.0000000e+00
   4.5252450e-02
   3.9559938e-02
   3.3462726e-02
   4.8358653e-02
   5.0015181e-02
   4.8116866e-02
   2.1869890e-02
   0.0000000e+00
   2.4854200e-02
   8.7948926e-03
   1.3460908e-02
   1.3667434e-02
   7.0628384e-03
   7.4326615e-03
   1.3001782e-02
   1.5479010e-02
   2.7234120e-02
   2.8923338e-02
   3.9698880e-02
   3.7509192e-02
   4.3479897e-02
   4.4983294e-02
   4.8492577e-02
   3.1140696e-02
  -0.0000000e+00
  -0.0000000e+00
   0.0000000e+00
   0.0000000e+00
   5.8423907e-02
   3.5507895e-02
   4.1786723e-02
   4.2198174e-02
   3.0605480e-02
   0.0000000e+00
   0.0000000e+00
   0.0000000e+00
   4.7714312e-02
   3.3876751e-02
   3.0263461e-02
   4.1997403e-02
   4.2953912e-02
   3.9035175e-02
   0.0000000e+00
   0.0000000e+00
   4.8141471e-03
  -1.2321834e-03
  -2.9261191e-03
  -2.5063567e-03
  -8.3524764e-03
  -6.4273354e-03
  -2.9245991e-03
  -7.6329915e-04
   5.1249898e-03
   8.1950526e-03
   1.2804551e-02
   1.6190427e-02
   3.1095803e-02
   2.8168588e-02
   2.2123593e-02
   2.9359430e-03
  -0.0000000e+00
   0.0000000e+00
   0.0000000e+00
   3.0738796e-02
   2.1278788e-02
   2.0431507e-02
   2.7719872e-02
   3.1269503e-02
   2.5330615e-02
   0.0000000e+00
   0.0000000e+00
   0.0000000e+00
   5.5718314e-02
   1.5853571e-02
   1.8819572e-02
   1.9276180e-02
   1.8359498e-02
   1.0959164e-02
   0.0000000e+00
   0.0000000e+00
  -1.6663282e-03
  -7.7775456e-03
  -1.3148325e-02
  -1.1921842e-02
  -1.9705979e-02
  -2.0166684e-02
  -1.7657174e-02
  -1.7941074e-02
  -1.4328178e-02
  -9.7980704e-03
  -4.3027303e-03
   2.2587040e-03
   1.6322969e-02
   1.6525304e-02
   1.0582034e-02
  -2.7254694e-03
  -0.0000000e+00
  -0.0000000e+00
  -0.0000000e+00
   8.8130357e-03
   5.6013460e-03
   8.3266795e-03
   1.8732127e-02
   2.5498122e-02
   2.1264199e-02
   0.0000000e+00
   0.0000000e+00
   0.0000000e+00
   1.0248941e-01
   1.4745969e-02
   1.3283123e-02
   1.1312935e-02
   1.5431212e-02
   9.4781341e-03
  -0.0000000e+00
  -2.0069775e-03
  -8.5118392e-03
  -1.4691599e-02
  -2.3946331e-02
  -2.1867688e-02
  -3.1699011e-02
  -3.4679947e-02
  -3.3219618e-02
  -3.6086448e-02
  -3.4877113e-02
  -2.8804725e-02
  -2.2373640e-02
  -1.2457774e-02
   7.1800088e-04
   4.2261742e-03
  -1.6096443e-03
  -8.7057802e-03
  -0.0000000e+00
  -0.0000000e+00
  -7.1009421e-02
  -1.4347765e-02
  -1.0959185e-02
  -4.4599957e-03
   9.2381132e-03
   1.9401648e-02
   1.6968724e-02
   0.0000000e+00
   0.0000000e+00
   0.0000000e+00
   1.5189503e-01
   1.3575975e-02
   7.4348139e-03
   2.9011299e-03
   1.2337980e-02
   7.9136769e-03
   0.0000000e+00
   7.9829609e-03
  -8.9416998e-03
  -1.5201565e-02
  -2.6421692e-02
  -3.1137098e-02
  -3.9402395e-02
  -4.5903087e-02
  -5.1080871e-02
  -5.8122069e-02
  -6.5113291e-02
  -6.1132595e-02
  -5.5980198e-02
  -4.6452463e-02
  -2.7920455e-02
  -3.4619530e-03
  -1.0151040e-02
  -1.8919803e-02
  -0.0000000e+00
  -0.0000000e+00
  -5.4966424e-02
  -4.1790195e-02
  -3.8462788e-02
  -2.9919457e-02
   1.3422177e-03
   0.0000000e+00
   0.0000000e+00
  -0.0000000e+00
  -0.0000000e+00
   0.0000000e+00
   0.0000000e+00
   2.0699942e-02
   3.9250329e-03
   5.8703666e-04
   2.8284015e-02
   2.1896400e-02
   0.0000000e+00
   1.1931910e-02
  -8.4986286e-03
  -1.4988429e-02
  -2.6813641e-02
  -3.3962552e-02
  -4.1627940e-02
  -4.9344853e-02
  -5.6886859e-02
  -6.5053508e-02
  -7.4699737e-02
  -7.1664378e-02
  -6.7197576e-02
  -5.8254190e-02
  -3.8494643e-02
  -6.0035232e-03
  -1.3814238e-02
  -2.5841702e-02
  -0.0000000e+00
  -1.1714081e-01
  -4.9272791e-02
  -5.1356159e-02
  -4.8022546e-02
  -3.9283667e-02
  -3.1458186e-03
   0.0000000e+00
  -0.0000000e+00
  -0.0000000e+00
  -0.0000000e+00
  -0.0000000e+00
   0.0000000e+00
   2.2630675e-02
   2.6300848e-03
   1.3036818e-04
   3.3860270e-02
   2.6781209e-02
   0.0000000e+00
   3.2483313e-02
   1.1373895e-02
  -1.9944758e-03
  -1.2044643e-02
  -2.4632876e-02
  -2.9724493e-02
  -3.8752468e-02
  -5.1154076e-02
  -5.0142956e-02
  -5.6795747e-02
  -6.2076800e-02
  -6.6340154e-02
  -7.2786880e-02
  -7.2136351e-02
  -4.9738591e-03
  -4.1098743e-02
  -0.0000000e+00
  -7.5866136e-02
  -2.4198108e-02
  -3.8212762e-02
  -6.4406449e-02
  -6.0169769e-02
  -6.7965379e-02
  -6.5672890e-02
  -0.0000000e+00
  -0.0000000e+00
  -0.0000000e+00
  -0.0000000e+00
  -0.0000000e+00
   0.0000000e+00
   7.3078147e-03
  -1.4600280e-03
   1.0880934e-02
   4.2044119e-02
   3.3791998e-02
   0.0000000e+00
   2.9373065e-02
   1.3985252e-02
   7.1278069e-04
  -8.4136836e-03
  -1.9561730e-02
  -2.3356887e-02
  -3.2387953e-02
  -4.5055009e-02
  -4.2745527e-02
  -4.8197538e-02
  -5.3393323e-02
  -5.8813144e-02
  -6.6155948e-02
  -6.9434553e-02
   4.6785488e-03
  -0.0000000e+00
  -1.0229374e-01
  -5.5533290e-02
  -1.9717731e-02
  -3.4454219e-02
  -5.5931136e-02
  -5.4313526e-02
  -6.8986431e-02
  -7.0206396e-02
  -0.0000000e+00
  -0.0000000e+00
  -0.0000000e+00
  -0.0000000e+00
  -0.0000000e+00
  -0.0000000e+00
   1.1004803e-03
   1.4181988e-04
  -0.0000000e+00
   5.1148150e-02
   5.1768027e-02
   0.0000000e+00
   2.3347776e-02
   1.9044071e-02
   5.9573766e-03
  -1.3796592e-03
  -9.7377221e-03
  -1.1021328e-02
  -2.0058382e-02
  -3.3239683e-02
  -2.8414956e-02
  -3.1540768e-02
  -3.6571372e-02
  -4.4231538e-02
  -5.3310268e-02
  -6.4200509e-02
   0.0000000e+00
   3.4304946e-02
  -2.0484887e-02
  -1.6143763e-02
  -1.1038179e-02
  -2.7173028e-02
  -3.9512452e-02
  -4.2968608e-02
  -7.0964444e-02
  -7.8988872e-02
  -0.0000000e+00
  -0.0000000e+00
  -0.0000000e+00
  -0.0000000e+00
  -0.0000000e+00
  -0.0000000e+00
  -1.0924592e-02
   3.2449772e-03
  -0.0000000e+00
   0.0000000e+00
   0.0000000e+00
   0.0000000e+00
   0.0000000e+00
   2.3491709e-03
   5.4114843e-03
  -1.0226265e-04
  -2.9047960e-03
  -5.8209628e-04
  -7.6957559e-03
  -1.9769393e-02
  -1.9583046e-02
  -2.4403404e-02
  -2.6181443e-02
  -3.8345505e-02
  -4.7840446e-02
  -4.8486043e-02
   0.0000000e+00
   3.9825570e-02
   3.3797566e-03
   1.4498404e-03
  -8.6608366e-04
  -1.8366685e-02
  -2.2607442e-02
  -3.1539377e-02
  -6.0497433e-02
  -7.2465859e-02
  -0.0000000e+00
  -0.0000000e+00
  -0.0000000e+00
  -0.0000000e+00
  -0.0000000e+00
  -0.0000000e+00
  -2.6309356e-02
   5.5739433e-03
  -0.0000000e+00
   0.0000000e+00
   0.0000000e+00
   0.0000000e+00
  -0.0000000e+00
  -8.2788998e-03
   3.0165983e-03
  -6.4085203e-04
  -6.9504196e-04
   3.7067896e-03
  -1.3158589e-03
  -1.2321628e-02
  -1.4734382e-02
  -2.0248996e-02
  -2.0263949e-02
  -3.5932574e-02
  -4.6104286e-02
  -4.1974563e-02
   0.0000000e+00
   4.9127728e-02
   1.9719915e-02
   1.0200653e-02
   5.6716944e-03
  -1.1895466e-02
  -1.3238204e-02
  -2.4412921e-02
  -5.2703723e-02
  -6.5204270e-02
  -0.0000000e+00
  -0.0000000e+00
  -0.0000000e+00
  -0.0000000e+00
  -0.0000000e+00
  -0.0000000e+00
  -0.0000000e+00
  -0.0000000e+00
  -0.0000000e+00
   0.0000000e+00
   0.0000000e+00
   0.0000000e+00
  -0.0000000e+00
  -3.2950491e-02
  -1.2277199e-02
  -8.3183137e-03
  -5.7408404e-03
   2.4572563e-03
   6.4087803e-03
  -3.9348600e-04
  -7.1579014e-03
  -1.2455982e-02
  -9.8403157e-03
  -3.6674641e-02
  -5.0375339e-02
  -4.3464227e-02
   0.0000000e+00
   0.0000000e+00
   0.0000000e+00
   1.8868649e-02
   2.1143794e-02
   7.2395295e-03
   1.8899682e-03
  -8.5804865e-03
  -2.9237330e-02
  -3.3565416e-02
  -0.0000000e+00
  -0.0000000e+00
  -5.7829640e-02
  -1.0195698e-01
  -0.0000000e+00
  -0.0000000e+00
  -0.0000000e+00
  -0.0000000e+00
   0.0000000e+00
   0.0000000e+00
   0.0000000e+00
  -0.0000000e+00
  -0.0000000e+00
  -0.0000000e+00
  -1.9983403e-02
  -1.1872509e-02
  -3.3281450e-03
   7.6349969e-03
   1.0168630e-02
   6.3252094e-04
  -4.4444860e-03
  -4.4371178e-03
  -2.0131038e-03
  -2.6915969e-02
  -3.6994170e-02
  -0.0000000e+00
   0.0000000e+00
   0.0000000e+00
   0.0000000e+00
   1.6099181e-02
   2.5207222e-02
   1.5300083e-02
   5.0215004e-03
   8.7731908e-04
  -1.3276672e-02
  -2.2131328e-02
  -1.0116350e-02
  -3.8077680e-03
  -2.5208052e-02
  -5.1689975e-02
  -7.7524006e-02
  -0.0000000e+00
  -0.0000000e+00
  -0.0000000e+00
   0.0000000e+00
   0.0000000e+00
  -0.0000000e+00
  -0.0000000e+00
  -0.0000000e+00
  -0.0000000e+00
  -2.4214152e-02
  -1.4931725e-02
  -1.3889211e-03
   1.3680066e-02
   1.5520404e-02
   2.3110062e-03
  -1.9294597e-04
   4.1814148e-03
   6.2067332e-03
  -1.3042993e-02
  -1.6925244e-02
   0.0000000e+00
   0.0000000e+00
   0.0000000e+00
   0.0000000e+00
   6.0851355e-03
   2.2470511e-02
   1.9201556e-02
   8.2535017e-03
   8.5188244e-03
  -1.0540910e-03
  -1.0109089e-02
   0.0000000e+00
   2.7351275e-03
  -2.5405905e-03
  -0.0000000e+00
  -0.0000000e+00
  -0.0000000e+00
  -0.0000000e+00
  -0.0000000e+00
   0.0000000e+00
   0.0000000e+00
  -0.0000000e+00
  -0.0000000e+00
  -0.0000000e+00
  -0.0000000e+00
  -2.2846819e-02
  -1.8245897e-02
   3.7139736e-04
   2.4163616e-02
   2.6558656e-02
   6.0995947e-03
   9.1591061e-03
   1.7769997e-02
   1.8784408e-02
   1.5544289e-02
   2.5998822e-02
   0.0000000e+00
  -0.0000000e+00
  -0.0000000e+00
  -0.0000000e+00
  -0.0000000e+00
   4.0627465e-03
   1.5906339e-02
   1.3084042e-02
   1.5560705e-02
   8.4335173e-03
   8.3165066e-03
   1.5991909e-02
   0.0000000e+00
   0.0000000e+00
  -0.0000000e+00
  -0.0000000e+00
  -0.0000000e+00
  -0.0000000e+00
  -0.0000000e+00
   0.0000000e+00
   0.0000000e+00
  -0.0000000e+00
  -0.0000000e+00
  -0.0000000e+00
  -0.0000000e+00
  -0.0000000e+00
  -2.8068475e-02
  -1.6367702e-02
   3.8336762e-03
   6.2538050e-03
  -8.9964475e-03
  -2.1773824e-03
   1.2155307e-02
   1.9436192e-02
   3.6227100e-02
   8.2077369e-02
   0.0000000e+00
  -0.0000000e+00
  -0.0000000e+00
  -0.0000000e+00
  -0.0000000e+00
  -0.0000000e+00
  -4.6556317e-03
   1.7349938e-02
   1.7091729e-02
   1.1873980e-03
   1.6901897e-02
   2.8666403e-02
   0.0000000e+00
   0.0000000e+00
  -0.0000000e+00
  -0.0000000e+00
  -0.0000000e+00
  -0.0000000e+00
  -0.0000000e+00
  -0.0000000e+00
  -0.0000000e+00
  -0.0000000e+00
  -0.0000000e+00
  -0.0000000e+00
  -0.0000000e+00
  -0.0000000e+00
  -3.6505420e-02
  -2.8400287e-02
  -1.6601941e-02
  -2.3888430e-02
  -4.1391291e-02
  -3.4398094e-02
  -6.7215972e-03
   1.7503094e-02
   4.9741592e-02
   0.0000000e+00
   0.0000000e+00
  -0.0000000e+00
  -0.0000000e+00
  -0.0000000e+00
  -0.0000000e+00
  -0.0000000e+00
  -2.4693968e-02
  -6.2888311e-03
  -4.3434086e-03
  -7.9239001e-03
   4.2295591e-03
   0.0000000e+00
   0.0000000e+00
   0.0000000e+00
  -0.0000000e+00
  -0.0000000e+00
  -0.0000000e+00
  -0.0000000e+00
  -0.0000000e+00
  -0.0000000e+00
   0.0000000e+00
   0.0000000e+00
  -0.0000000e+00
  -0.0000000e+00
  -0.0000000e+00
  -0.0000000e+00
  -0.0000000e+00
  -0.0000000e+00
  -2.0010466e-02
  -4.0095225e-02
  -6.7877643e-02
  -5.8241524e-02
  -3.1828828e-02
   1.5407239e-02
   0.0000000e+00
   0.0000000e+00
   0.0000000e+00
  -0.0000000e+00
  -0.0000000e+00
  -0.0000000e+00
  -0.0000000e+00
  -0.0000000e+00
  -3.0530769e-02
  -2.8010610e-02
  -4.0657222e-02
  -4.5767561e-02
  -2.7754977e-02
  -1.1745223e-02
  -0.0000000e+00
  -0.0000000e+00
  -0.0000000e+00
   0.0000000e+00
  -0.0000000e+00
  -0.0000000e+00
  -0.0000000e+00
  -0.0000000e+00
   0.0000000e+00
   0.0000000e+00
  -0.0000000e+00
  -0.0000000e+00
  -0.0000000e+00
  -0.0000000e+00
  -0.0000000e+00
   0.0000000e+00
  -0.0000000e+00
  -0.0000000e+00
  -0.0000000e+00
  -7.8015149e-02
  -0.0000000e+00
   0.0000000e+00
   0.0000000e+00
   0.0000000e+00
   0.0000000e+00
   0.0000000e+00
  -0.0000000e+00
  -0.0000000e+00
  -0.0000000e+00
  -3.8840104e-02
  -1.7843446e-02
  -0.0000000e+00
  -0.0000000e+00
  -6.1965123e-02
  -7.1694754e-02
  -4.5964867e-02
  -2.7238030e-02
  -3.9456304e-02
  -0.0000000e+00
  -0.0000000e+00
  -0.0000000e+00
  -0.0000000e+00
  -0.0000000e+00
  -0.0000000e+00
  -0.0000000e+00
  -0.0000000e+00
  -1.7550558e-02
  -2.0704534e-02
  -2.5280992e-02
  -2.3684494e-02
  -1.3563713e-02
  -3.6032228e-03
  -1.4532204e-02
  -6.1056066e-02
  -7.5778365e-02
  -4.8345372e-02
  -5.3752512e-02
  -1.2695159e-02
   4.4120229e-03
   1.1235825e-02
   1.6073814e-02
   9.3791205e-03
  -3.3427984e-03
  -2.1140397e-02
  -2.2947570e-02
  -2.7766838e-03
   0.0000000e+00
   0.0000000e+00
   0.0000000e+00
  -0.0000000e+00
  -5.0175231e-02
  -6.3115157e-02
  -4.4301108e-02
  -4.1841216e-02
  -2.9051522e-02
  -1.8307058e-02
  -1.2947075e-02
  -3.1610683e-02
  -3.9682850e-02
  -2.5792565e-02
  -1.9742822e-02
  -2.0754796e-02
