   0.0000000e+00
   0.0000000e+00
   0.0000000e+00
   0.0000000e+00
   0.0000000e+00
   0.0000000e+00
   0.0000000e+00
   0.0000000e+00
  -0.0000000e+00
  -0.0000000e+00
  -0.0000000e+00
  -0.0000000e+00
  -0.0000000e+00
  -0.0000000e+00
  -0.0000000e+00
  -0.0000000e+00
  -0.0000000e+00
  -0.0000000e+00
  -0.0000000e+00
  -0.0000000e+00
  -0.0000000e+00
  -0.0000000e+00
  -0.0000000e+00
  -0.0000000e+00
  -0.0000000e+00
  -0.0000000e+00
  -0.0000000e+00
  -0.0000000e+00
  -0.0000000e+00
  -0.0000000e+00
  -0.0000000e+00
  -0.0000000e+00
  -0.0000000e+00
  -0.0000000e+00
  -0.0000000e+00
   0.0000000e+00
  -0.0000000e+00
  -4.6907969e-02
  -3.4346364e-02
  -2.1478849e-02
  -3.1527467e-03
  -2.0861095e-02
  -3.0749071e-02
  -3.1463720e-02
  -2.2816021e-02
  -1.0558676e-02
  -2.8568250e-03
  -3.0076080e-03
  -1.2001388e-02
  -2.9295955e-02
  -4.1382626e-02
  -4.4337954e-02
  -4.6569996e-02
  -4.3188039e-02
  -4.4798885e-02
  -1.4267489e-02
  -4.5515895e-03
  -5.2345591e-03
  -1.3039978e-02
  -2.1943992e-02
  -3.3975601e-02
  -5.2190129e-02
  -7.0362650e-02
  -8.0399305e-02
  -7.9379007e-02
  -9.5008671e-02
  -1.4603029e-01
  -1.0561314e-01
  -1.0828424e-01
  -1.0183036e-01
  -8.4206797e-02
  -0.0000000e+00
  -4.4699386e-02
  -4.2836886e-02
  -3.9724540e-02
  -4.3999162e-02
  -4.4307400e-02
  -4.5499418e-02
  -5.0415713e-02
  -4.5871127e-02
  -3.4459319e-02
  -2.9641543e-02
  -2.1529501e-02
  -9.8671485e-03
  -5.5761298e-04
  -2.9755756e-05
  -6.2519847e-04
   1.6791234e-03
   3.4602035e-03
   5.1553664e-03
  -2.3507886e-04
  -1.1162379e-02
  -1.1093098e-02
  -7.1298964e-03
  -1.1155481e-02
  -1.6468316e-02
  -1.8412838e-02
  -1.6248582e-02
  -6.5091322e-03
   3.7298100e-03
   5.6068238e-04
  -1.7127415e-02
  -3.4013454e-02
  -3.9855007e-02
  -3.1062879e-02
  -2.1371592e-02
  -2.4441304e-02
  -3.4746230e-02
   4.8686802e-02
   4.5662392e-02
   3.8858101e-02
   2.1226227e-02
   1.1600487e-02
   1.0464707e-02
   9.8258315e-04
  -9.8943971e-03
  -9.3532391e-03
  -4.9180845e-03
   5.3707780e-03
   2.2525996e-02
   4.1342668e-02
   4.8534736e-02
   4.4123977e-02
   4.4102274e-02
   4.6702966e-02
   5.7168029e-02
   6.3845165e-02
   4.5679331e-02
   3.8164560e-02
   3.6582228e-02
   2.8333295e-02
   2.8372763e-02
   2.5645701e-02
   2.9305780e-02
   4.9623434e-02
   7.0005357e-02
   7.4189201e-02
   6.4967677e-02
   4.7652073e-02
   3.7799083e-02
   4.8155971e-02
   5.9847273e-02
   5.6042869e-02
   5.1235341e-02
   1.3848740e-01
   1.3228005e-01
   1.2236814e-01
   1.0014223e-01
   7.8752056e-02
   6.6548258e-02
   4.6652474e-02
   3.0216221e-02
   3.0394049e-02
   4.2924140e-02
   5.3098332e-02
   6.0486801e-02
   7.6546036e-02
   9.0212896e-02
   9.5892720e-02
   9.8557197e-02
   9.3165889e-02
   1.0880458e-01
   2.6034135e-01
   0.0000000e+00
   7.6602139e-02
   8.4834635e-02
   9.0231821e-02
   1.1071903e-01
   1.0721850e-01
   1.0654011e-01
   1.1158158e-01
   1.1585338e-01
   1.2417945e-01
   1.3259736e-01
   1.3231902e-01
   1.2201785e-01
   1.2730247e-01
   1.3599795e-01
   1.3563493e-01
   1.3941543e-01
   1.5537854e-01
   1.4554657e-01
   1.3612513e-01
   1.2559178e-01
   1.0554683e-01
   9.0907000e-02
   8.0975026e-02
   7.2820440e-02
   7.0149623e-02
   7.6015793e-02
   7.9951361e-02
   7.9735719e-02
   9.1760486e-02
   1.0640821e-01
   1.1510411e-01
   1.2067998e-01
   1.1565822e-01
   1.1696006e-01
   3.2049230e-01
   0.0000000e+00
   8.2990147e-02
   1.0329081e-01
   1.2202729e-01
   1.5472098e-01
   1.5128328e-01
   1.5022288e-01
   1.3817102e-01
   1.3114144e-01
   1.3325928e-01
   1.3885519e-01
   1.5214144e-01
   1.5256566e-01
   1.5826851e-01
   1.5939468e-01
   1.5513828e-01
   1.5911095e-01
   1.2914479e-01
   1.1829330e-01
   1.0913400e-01
   1.3290529e-01
   1.1612447e-01
   9.1034144e-02
   9.6841894e-02
   9.8063044e-02
   9.2365995e-02
   8.8896699e-02
   8.6786948e-02
   8.4986165e-02
   9.4710395e-02
   1.0681442e-01
   1.1121514e-01
   1.1304101e-01
   1.1026490e-01
   9.4709210e-02
   2.7306157e-01
   0.0000000e+00
   7.0811443e-02
   9.9316545e-02
   1.2260437e-01
   1.5384190e-01
   1.5057850e-01
   1.4962064e-01
   1.2491153e-01
   1.1415254e-01
   1.1157503e-01
   1.1282990e-01
   1.3456987e-01
   1.4417805e-01
   1.4894614e-01
   1.4561009e-01
   1.3907374e-01
   1.3841091e-01
   6.9231507e-02
   6.2039350e-02
   5.1335947e-02
   1.4503728e-01
   0.0000000e+00
   6.9545664e-02
   9.1263112e-02
   9.9237608e-02
   9.2541459e-02
   8.2659534e-02
   7.6485466e-02
   7.9310630e-02
   8.8843114e-02
   9.6157862e-02
   9.0190127e-02
   7.7258188e-02
   7.4271796e-02
   4.5197887e-02
   1.4236691e-01
   0.0000000e+00
   4.1715122e-02
   7.5200900e-02
   9.2924803e-02
   1.0738072e-01
   1.0440006e-01
   1.0216392e-01
   6.7545989e-02
   5.8374049e-02
   5.8031936e-02
   6.3862133e-02
   9.1206446e-02
   1.0314983e-01
   1.0072390e-01
   9.9356931e-02
   9.7646639e-02
   8.8506732e-02
   1.3976773e-02
   2.1816088e-02
  -9.7704828e-03
   0.0000000e+00
   0.0000000e+00
   3.2750219e-02
   4.4438802e-02
   4.2715006e-02
   4.1499462e-02
   3.8177155e-02
   3.7753657e-02
   3.6715377e-02
   3.5890467e-02
   3.4317628e-02
   3.0081972e-02
   1.7615063e-02
   1.8679017e-02
   5.3407280e-03
   7.0820540e-02
  -0.0000000e+00
  -0.0000000e+00
   1.2356921e-02
   2.3842096e-02
   2.9093301e-02
   2.4394689e-02
   1.8683260e-02
  -5.2216658e-03
   1.3350298e-02
  -0.0000000e+00
   6.0847881e-03
   2.8268561e-02
   3.5613324e-02
   3.0291019e-02
   3.0584369e-02
   2.8753707e-02
   2.4417199e-02
  -8.8757267e-03
   1.2482010e-02
  -0.0000000e+00
   0.0000000e+00
   0.0000000e+00
   1.0175119e-02
   1.5371214e-02
   1.3054874e-02
   1.4391744e-02
   1.2118724e-02
   1.2047308e-02
   9.0332581e-03
   5.3849239e-03
   1.6817478e-03
   1.0305364e-04
  -8.1185484e-03
  -8.2007451e-03
  -1.2794004e-02
   4.8268773e-02
  -0.0000000e+00
  -0.0000000e+00
  -1.3764050e-02
  -6.1784470e-03
  -3.1123566e-03
  -9.0319160e-03
  -1.8312849e-02
  -2.4192896e-02
   8.2716048e-03
  -0.0000000e+00
  -1.8280707e-02
  -1.5172912e-03
   3.1874366e-03
  -2.4993611e-03
  -2.1275864e-03
  -5.0839521e-03
  -5.7843202e-03
  -3.3227551e-02
   8.2041870e-03
  -0.0000000e+00
  -0.0000000e+00
  -0.0000000e+00
  -1.9592796e-02
  -2.3135485e-02
  -2.3429260e-02
  -1.9150693e-02
  -2.1597179e-02
  -2.2866515e-02
  -2.8279348e-02
  -3.3802686e-02
  -3.8576176e-02
  -3.5816993e-02
  -3.6368218e-02
  -3.9862097e-02
  -3.3399855e-02
   2.9701935e-02
  -0.0000000e+00
  -0.0000000e+00
  -4.1699461e-02
  -3.9293549e-02
  -3.7296836e-02
  -4.4913722e-02
  -5.9653672e-02
  -3.5772379e-02
   1.3373426e-02
  -0.0000000e+00
  -4.4609432e-02
  -3.6173129e-02
  -3.4854690e-02
  -4.0282869e-02
  -4.0299752e-02
  -4.5290975e-02
  -4.0836022e-02
  -3.6496550e-02
   2.6413087e-02
  -0.0000000e+00
  -0.0000000e+00
  -0.0000000e+00
  -5.4024026e-02
  -5.3850919e-02
  -4.9919739e-02
  -4.5181826e-02
  -5.1125929e-02
  -4.9117725e-02
  -5.0677560e-02
  -5.1258776e-02
  -5.5020943e-02
  -5.4899387e-02
  -5.7496145e-02
  -7.1986757e-02
  -3.6169544e-02
   3.1382509e-02
  -0.0000000e+00
  -0.0000000e+00
  -0.0000000e+00
  -4.4282831e-02
  -4.9913123e-02
  -5.5922173e-02
  -6.3903660e-02
  -1.2442229e-02
   0.0000000e+00
  -0.0000000e+00
  -9.3560100e-02
  -1.0344076e-01
  -5.4155245e-02
  -6.0886078e-02
  -5.7911277e-02
  -6.5761544e-02
  -5.9943523e-02
  -3.7660427e-02
   2.7931297e-02
  -0.0000000e+00
  -0.0000000e+00
  -7.6315947e-02
  -6.3929141e-02
  -6.2154371e-02
  -5.8566034e-02
  -5.5099525e-02
  -6.2584318e-02
  -5.9691463e-02
  -5.9936203e-02
  -5.8747370e-02
  -6.1359569e-02
  -6.2176105e-02
  -6.5107465e-02
  -8.0496341e-02
  -3.3397652e-02
   3.2458011e-02
  -0.0000000e+00
  -0.0000000e+00
  -0.0000000e+00
  -4.6759341e-02
  -5.5392444e-02
  -5.8768518e-02
  -6.1838895e-02
  -4.6422761e-03
   0.0000000e+00
  -0.0000000e+00
  -0.0000000e+00
  -1.1613052e-01
  -6.1213881e-02
  -6.8271391e-02
  -6.4123690e-02
  -7.1772635e-02
  -6.5819584e-02
  -3.9029006e-02
   3.2676761e-03
  -0.0000000e+00
  -0.0000000e+00
  -5.9114442e-02
  -6.3038162e-02
  -5.7895162e-02
  -6.4549863e-02
  -7.0222784e-02
  -8.1093016e-02
  -7.8663606e-02
  -7.7664065e-02
  -7.4337975e-02
  -7.1389971e-02
  -7.3304241e-02
  -7.4531895e-02
  -7.4904732e-02
  -1.0118319e-02
   0.0000000e+00
  -0.0000000e+00
  -0.0000000e+00
  -0.0000000e+00
  -5.3401325e-02
  -6.7096123e-02
  -5.6399056e-02
  -4.0350419e-02
   1.8318715e-03
  -0.0000000e+00
  -0.0000000e+00
  -0.0000000e+00
  -7.1067830e-02
  -7.0510050e-02
  -7.7221173e-02
  -7.1120295e-02
  -7.2037246e-02
  -6.7791401e-02
  -3.6295369e-02
  -1.8006768e-02
  -0.0000000e+00
  -0.0000000e+00
  -4.7964942e-02
  -4.5594275e-02
  -4.4818722e-02
  -5.4146521e-02
  -5.9906397e-02
  -6.9130808e-02
  -7.0918910e-02
  -7.3702663e-02
  -7.2621793e-02
  -7.1017012e-02
  -7.2126850e-02
  -6.7882456e-02
  -5.8134317e-02
  -1.1181280e-02
  -0.0000000e+00
  -0.0000000e+00
  -0.0000000e+00
  -0.0000000e+00
  -5.5748925e-02
  -6.6744156e-02
  -5.7389524e-02
  -3.8122296e-02
  -3.3028624e-03
  -0.0000000e+00
  -0.0000000e+00
  -0.0000000e+00
  -6.0520645e-02
  -6.3386887e-02
  -6.8380229e-02
  -6.6298686e-02
  -6.4462446e-02
  -5.8368918e-02
  -3.2878057e-02
  -0.0000000e+00
  -2.4282782e-02
  -3.3846693e-02
  -3.4026949e-02
  -2.3787678e-02
  -2.8471856e-02
  -4.1141299e-02
  -4.7009892e-02
  -5.4176854e-02
  -6.1237262e-02
  -6.8750536e-02
  -7.0476400e-02
  -7.0550763e-02
  -7.0655005e-02
  -5.9569995e-02
  -3.7169615e-02
  -1.2510087e-02
  -0.0000000e+00
  -0.0000000e+00
  -0.0000000e+00
  -0.0000000e+00
  -5.8683657e-02
  -6.6304168e-02
  -5.8627700e-02
  -3.5336911e-02
  -9.7217917e-03
  -0.0000000e+00
  -0.0000000e+00
  -0.0000000e+00
  -4.7335613e-02
  -5.4482230e-02
  -5.7328173e-02
  -6.0271178e-02
  -5.4993188e-02
  -4.6589880e-02
  -3.4445874e-02
  -0.0000000e+00
  -1.8882778e-02
  -2.3430416e-02
  -2.1363191e-02
  -1.7631702e-02
  -2.4956929e-02
  -3.1219235e-02
  -3.2962147e-02
  -3.5174869e-02
  -3.9346110e-02
  -4.1936986e-02
  -4.0149972e-02
  -4.1626025e-02
  -4.5656260e-02
  -3.7509862e-02
  -2.1158289e-02
  -3.1089978e-02
  -0.0000000e+00
  -0.0000000e+00
  -0.0000000e+00
  -0.0000000e+00
  -3.6006354e-02
  -3.3887450e-02
  -3.7392180e-02
  -2.3816494e-02
  -5.8751679e-03
  -0.0000000e+00
  -0.0000000e+00
  -0.0000000e+00
  -2.0579765e-02
  -2.7096063e-02
  -2.9398726e-02
  -3.0519130e-02
  -2.5996501e-02
  -2.2015277e-02
  -0.0000000e+00
  -0.0000000e+00
  -1.6818135e-02
  -1.9447854e-02
  -1.6521321e-02
  -1.5278021e-02
  -2.3613031e-02
  -2.7425627e-02
  -2.7591129e-02
  -2.7909635e-02
  -3.0976233e-02
  -3.1685075e-02
  -2.8554944e-02
  -3.0566922e-02
  -3.6098227e-02
  -2.9075383e-02
  -1.5036506e-02
  -3.8193829e-02
  -0.0000000e+00
  -0.0000000e+00
  -0.0000000e+00
  -2.6392180e-02
  -2.7335903e-02
  -2.1493224e-02
  -2.9272972e-02
  -1.9411770e-02
  -4.4044472e-03
  -0.0000000e+00
  -0.0000000e+00
  -0.0000000e+00
  -1.0349914e-02
  -1.6625217e-02
  -1.8720165e-02
  -1.9143714e-02
  -1.4909889e-02
  -1.2619407e-02
  -0.0000000e+00
  -0.0000000e+00
  -2.4230238e-02
  -3.7380733e-02
  -4.0155448e-02
  -4.6590753e-02
  -5.6550827e-02
  -5.4443043e-02
  -5.3729542e-02
  -5.0247900e-02
  -4.4659857e-02
  -3.7166722e-02
  -2.5942218e-02
  -1.4666533e-02
  -1.4912255e-02
  -1.8595096e-02
  -1.5964132e-02
  -2.3089629e-02
  -0.0000000e+00
  -0.0000000e+00
  -0.0000000e+00
  -1.9535037e-02
  -1.4067864e-02
   1.6904977e-03
   2.6978345e-03
   4.7728247e-03
   3.1055769e-02
   0.0000000e+00
  -0.0000000e+00
  -0.0000000e+00
  -4.9290247e-05
   3.6228234e-03
   2.3021847e-03
   1.6655615e-02
   2.4529697e-02
   9.6079549e-03
  -0.0000000e+00
  -3.9800074e-02
  -3.2610521e-02
  -4.3985445e-02
  -4.8902363e-02
  -5.6069821e-02
  -6.4997651e-02
  -6.5330900e-02
  -6.6222787e-02
  -6.2749088e-02
  -5.6419775e-02
  -4.7942616e-02
  -3.6316384e-02
  -2.1986995e-02
  -1.6468527e-02
  -2.0926222e-02
  -1.9570170e-02
  -2.9554581e-02
  -0.0000000e+00
  -0.0000000e+00
  -3.6961172e-02
  -2.8878007e-02
  -1.9750796e-02
   6.3946692e-04
   1.2215587e-02
   6.8124598e-03
   2.6358016e-02
   0.0000000e+00
  -0.0000000e+00
  -0.0000000e+00
  -6.0341633e-03
   6.2091853e-03
   6.9377730e-03
   2.8024213e-02
   3.5478611e-02
   1.4779758e-02
  -0.0000000e+00
  -5.2180297e-02
  -5.7532564e-02
  -6.3121589e-02
  -7.4250028e-02
  -8.3300855e-02
  -8.9052774e-02
  -9.6983225e-02
  -1.0274547e-01
  -9.9454551e-02
  -9.1255225e-02
  -8.0158257e-02
  -6.7660904e-02
  -4.4692759e-02
  -2.2040060e-02
  -2.8383141e-02
  -3.0388699e-02
  -4.9651226e-02
  -0.0000000e+00
  -0.0000000e+00
  -5.9309851e-02
  -5.7295182e-02
  -3.7416116e-02
  -3.4943798e-03
   3.9535588e-02
   0.0000000e+00
   0.0000000e+00
  -0.0000000e+00
  -0.0000000e+00
  -0.0000000e+00
  -0.0000000e+00
   1.3149802e-02
   2.0015969e-02
   6.0756804e-02
   6.6795366e-02
   2.9422048e-02
   0.0000000e+00
  -3.0910812e-02
  -4.8986021e-02
  -6.1388519e-02
  -7.3585480e-02
  -8.2371511e-02
  -9.1631994e-02
  -1.0407294e-01
  -1.0744765e-01
  -1.0179763e-01
  -9.6066669e-02
  -8.7300390e-02
  -7.7741958e-02
  -5.4713026e-02
  -1.9397302e-02
  -2.6762981e-02
  -1.1576103e-01
  -1.7021820e-01
  -0.0000000e+00
  -1.0260626e-01
  -7.6585107e-02
  -7.1609378e-02
  -5.1074993e-02
  -1.5639920e-02
  -8.1644841e-03
  -0.0000000e+00
  -0.0000000e+00
  -0.0000000e+00
  -0.0000000e+00
  -0.0000000e+00
  -0.0000000e+00
   1.7809482e-02
   3.0667739e-02
   9.6396752e-02
   4.5785747e-02
   4.1377973e-02
   0.0000000e+00
  -1.1949362e-02
  -4.1366900e-02
  -5.9843507e-02
  -7.2993045e-02
  -8.1543017e-02
  -9.3931330e-02
  -1.1039333e-01
  -1.1163959e-01
  -1.0388643e-01
  -1.0035601e-01
  -9.3667522e-02
  -8.6729078e-02
  -6.3645956e-02
  -1.7041317e-02
  -2.5318632e-02
  -1.9186925e-01
  -0.0000000e+00
  -6.7118607e-02
  -7.4052911e-02
  -9.1985741e-02
  -8.4370272e-02
  -6.3251686e-02
  -2.6467498e-02
  -5.0688421e-02
  -0.0000000e+00
  -0.0000000e+00
  -0.0000000e+00
  -0.0000000e+00
  -0.0000000e+00
  -0.0000000e+00
   2.1963523e-02
   4.0163639e-02
   1.2816925e-01
   2.7055966e-02
   5.2036517e-02
   0.0000000e+00
  -1.6729493e-02
  -3.7580471e-02
  -4.6589024e-02
  -5.4828487e-02
  -6.0393754e-02
  -8.1620023e-02
  -9.2865214e-02
  -8.8856518e-02
  -8.4697232e-02
  -8.6618930e-02
  -8.8312745e-02
  -7.1134940e-02
  -4.1237116e-02
   1.8529745e-04
  -4.4110540e-02
  -0.0000000e+00
  -1.0359144e-01
  -8.1162646e-02
  -8.2311876e-02
  -7.9912052e-02
  -6.8124652e-02
  -6.6393249e-02
  -4.1292876e-02
  -6.7262433e-02
  -0.0000000e+00
  -0.0000000e+00
  -0.0000000e+00
  -0.0000000e+00
  -0.0000000e+00
  -0.0000000e+00
   4.2846341e-02
   1.2067558e-01
   0.0000000e+00
   3.2036919e-02
   1.3399659e-01
   0.0000000e+00
  -2.8205335e-02
  -3.6869779e-02
  -4.0854279e-02
  -4.5609053e-02
  -4.9725793e-02
  -7.2536349e-02
  -8.1439063e-02
  -7.7315807e-02
  -7.6020166e-02
  -7.9612575e-02
  -8.2988009e-02
  -6.1577044e-02
  -3.0418416e-02
   2.1949168e-02
  -0.0000000e+00
  -5.3417131e-02
  -6.1986227e-02
  -7.3844999e-02
  -7.6791711e-02
  -7.0167497e-02
  -5.9965104e-02
  -6.4737990e-02
  -4.3656405e-02
  -6.8762615e-02
  -0.0000000e+00
  -0.0000000e+00
  -0.0000000e+00
  -0.0000000e+00
   0.0000000e+00
   0.0000000e+00
   4.7724385e-02
   1.3967925e-01
   0.0000000e+00
   0.0000000e+00
   0.0000000e+00
  -0.0000000e+00
  -0.0000000e+00
  -3.6902054e-02
  -2.8011701e-02
  -2.2581428e-02
  -2.3179159e-02
  -4.5616930e-02
  -4.9124464e-02
  -4.8524323e-02
  -5.5932673e-02
  -6.2061747e-02
  -6.5797832e-02
  -3.5251974e-02
  -4.2243596e-03
   9.5740319e-02
   0.0000000e+00
  -2.9660168e-02
  -2.7856063e-02
  -3.4009731e-02
  -4.8510292e-02
  -4.0431151e-02
  -3.9712996e-02
  -5.5753940e-02
  -4.1857779e-02
  -6.2194723e-02
  -0.0000000e+00
  -0.0000000e+00
  -0.0000000e+00
   0.0000000e+00
   0.0000000e+00
   0.0000000e+00
   5.1370718e-02
   1.5452259e-01
   0.0000000e+00
   0.0000000e+00
   0.0000000e+00
  -0.0000000e+00
  -0.0000000e+00
  -2.8687110e-02
  -1.0792665e-02
   5.3012185e-04
   2.4331016e-03
  -9.5991204e-03
  -1.0010749e-02
  -1.1456897e-02
  -2.1363866e-02
  -2.8186142e-02
  -2.7444597e-02
  -5.7055056e-03
   1.2340426e-02
   1.4888164e-01
   0.0000000e+00
  -1.7910343e-02
   1.0151524e-02
   9.1287922e-03
   6.3408836e-04
   2.4587836e-03
  -9.8161828e-03
  -2.8518401e-02
  -2.6579855e-02
  -3.5097901e-02
  -0.0000000e+00
  -0.0000000e+00
  -0.0000000e+00
   0.0000000e+00
   0.0000000e+00
   0.0000000e+00
   0.0000000e+00
   0.0000000e+00
   0.0000000e+00
   0.0000000e+00
   0.0000000e+00
  -0.0000000e+00
  -0.0000000e+00
  -2.0513443e-02
   2.7166046e-03
   1.8243203e-02
   2.3206795e-02
   2.0310069e-02
   2.2371419e-02
   2.0366384e-02
   9.5739169e-03
   3.0886359e-03
   6.7987409e-03
   1.7953951e-02
   3.0093731e-02
   1.7832156e-01
   0.0000000e+00
  -0.0000000e+00
   0.0000000e+00
   3.9197702e-02
   3.7068099e-02
   3.4609027e-02
   1.4633585e-02
  -4.4068121e-03
  -1.1783600e-02
  -1.4232146e-02
  -0.0000000e+00
  -0.0000000e+00
  -1.3974232e-02
   4.7461193e-02
   0.0000000e+00
   0.0000000e+00
   0.0000000e+00
   0.0000000e+00
   0.0000000e+00
   0.0000000e+00
   0.0000000e+00
  -0.0000000e+00
  -0.0000000e+00
   0.0000000e+00
   2.4507649e-02
   4.4569159e-02
   6.0356355e-02
   7.7402377e-02
   8.3688896e-02
   8.6389721e-02
   7.9927690e-02
   7.8705668e-02
   8.4287345e-02
   5.8682284e-02
   8.4220468e-02
   0.0000000e+00
   0.0000000e+00
   0.0000000e+00
   0.0000000e+00
   6.7470372e-02
   8.4465737e-02
   7.8435764e-02
   5.9398497e-02
   4.9187747e-02
   2.7138862e-02
   1.7318575e-02
   1.4086597e-02
   4.9705736e-03
   9.4333663e-03
   5.9991477e-02
   1.1493753e-01
   0.0000000e+00
  -0.0000000e+00
   0.0000000e+00
   0.0000000e+00
   0.0000000e+00
   0.0000000e+00
   0.0000000e+00
   0.0000000e+00
   0.0000000e+00
   3.0679300e-02
   4.7081947e-02
   6.5815672e-02
   8.1063241e-02
   8.8143922e-02
   1.0396075e-01
   1.0987276e-01
   1.1293197e-01
   1.0434596e-01
   6.3494772e-02
   8.7687850e-02
   0.0000000e+00
   0.0000000e+00
   0.0000000e+00
   0.0000000e+00
   8.4673226e-02
   7.1837425e-02
   7.1687564e-02
   6.9799021e-02
   7.2096795e-02
   4.5878127e-02
   4.8630025e-02
   0.0000000e+00
   1.8719509e-02
   5.9106097e-02
   0.0000000e+00
   0.0000000e+00
  -0.0000000e+00
  -0.0000000e+00
   0.0000000e+00
   0.0000000e+00
   0.0000000e+00
   0.0000000e+00
   0.0000000e+00
   0.0000000e+00
   0.0000000e+00
   3.0648876e-02
   3.3385910e-02
   4.4580840e-02
   5.1633894e-02
   6.1012559e-02
   8.8045806e-02
   1.0608024e-01
   1.0877135e-01
   8.9858346e-02
   5.3804994e-02
   9.5306106e-02
   0.0000000e+00
   0.0000000e+00
   0.0000000e+00
   0.0000000e+00
   0.0000000e+00
   4.7085848e-02
   5.1337130e-02
   6.4048387e-02
   7.0564270e-02
   4.9139217e-02
   5.2280057e-02
   7.2083965e-02
   0.0000000e+00
   0.0000000e+00
   0.0000000e+00
   0.0000000e+00
  -0.0000000e+00
  -0.0000000e+00
   0.0000000e+00
   0.0000000e+00
   0.0000000e+00
   0.0000000e+00
   0.0000000e+00
   0.0000000e+00
   0.0000000e+00
   0.0000000e+00
   2.2782634e-03
  -3.9899074e-03
  -7.6015284e-03
   8.0109742e-03
   4.5789085e-02
   7.0960082e-02
   6.6766188e-02
   4.4374805e-02
   3.7972108e-02
   9.8615721e-02
   0.0000000e+00
  -0.0000000e+00
  -0.0000000e+00
   0.0000000e+00
   0.0000000e+00
   0.0000000e+00
   1.3472808e-02
   3.2412779e-02
   3.9248914e-02
   3.2652941e-02
   3.6299452e-02
   6.2319588e-02
   0.0000000e+00
   0.0000000e+00
   0.0000000e+00
   0.0000000e+00
   0.0000000e+00
   0.0000000e+00
   0.0000000e+00
   0.0000000e+00
   0.0000000e+00
   0.0000000e+00
   0.0000000e+00
   0.0000000e+00
   0.0000000e+00
   0.0000000e+00
  -3.2728974e-02
  -5.4681212e-02
  -5.7435803e-02
  -3.1525433e-02
   9.6911844e-03
   2.1873455e-02
   3.6653867e-03
  -5.4780729e-03
   3.2783866e-02
   0.0000000e+00
   0.0000000e+00
  -0.0000000e+00
  -0.0000000e+00
   0.0000000e+00
   0.0000000e+00
  -0.0000000e+00
  -3.6911916e-02
  -3.7639666e-02
  -2.9809158e-02
  -1.5489731e-02
   1.2722854e-02
   0.0000000e+00
   0.0000000e+00
   0.0000000e+00
   0.0000000e+00
   0.0000000e+00
   0.0000000e+00
   0.0000000e+00
   0.0000000e+00
   0.0000000e+00
   0.0000000e+00
   0.0000000e+00
   0.0000000e+00
   0.0000000e+00
   0.0000000e+00
  -0.0000000e+00
  -0.0000000e+00
  -0.0000000e+00
  -3.0347599e-02
  -1.1742906e-02
   9.3177438e-04
  -4.1458975e-03
  -2.3556056e-02
  -1.2962152e-02
   0.0000000e+00
   0.0000000e+00
  -0.0000000e+00
  -0.0000000e+00
   0.0000000e+00
   0.0000000e+00
  -0.0000000e+00
  -0.0000000e+00
  -7.7916965e-02
  -7.9498544e-02
  -8.0869891e-02
  -7.0027843e-02
  -4.0730294e-02
  -1.1597245e-02
   0.0000000e+00
   0.0000000e+00
  -0.0000000e+00
  -0.0000000e+00
  -0.0000000e+00
   0.0000000e+00
   0.0000000e+00
   0.0000000e+00
   0.0000000e+00
   0.0000000e+00
  -0.0000000e+00
  -0.0000000e+00
  -0.0000000e+00
  -0.0000000e+00
  -0.0000000e+00
  -0.0000000e+00
  -0.0000000e+00
   0.0000000e+00
  -0.0000000e+00
  -3.1802706e-02
  -0.0000000e+00
  -0.0000000e+00
   0.0000000e+00
  -0.0000000e+00
  -0.0000000e+00
  -0.0000000e+00
   0.0000000e+00
  -0.0000000e+00
  -0.0000000e+00
  -1.8979408e-02
  -4.7392603e-02
  -0.0000000e+00
   0.0000000e+00
  -2.6072396e-02
  -4.2576265e-02
  -3.6870897e-02
  -1.8839370e-02
  -3.0235663e-02
  -0.0000000e+00
  -0.0000000e+00
  -0.0000000e+00
  -0.0000000e+00
  -0.0000000e+00
  -0.0000000e+00
  -0.0000000e+00
  -0.0000000e+00
  -1.3645244e-02
  -1.0888148e-02
  -1.2466146e-02
  -1.3073178e-02
  -1.0181744e-02
  -6.8053293e-03
  -4.2576811e-03
  -6.7310646e-03
  -1.2450560e-02
  -1.9733134e-02
  -2.1314711e-02
  -1.7426460e-02
  -1.7194634e-02
  -2.4772167e-02
  -1.9149347e-02
  -1.8311382e-02
  -3.3989791e-02
  -3.5407320e-02
  -1.4520303e-02
   1.4993680e-03
   0.0000000e+00
   0.0000000e+00
   0.0000000e+00
   0.0000000e+00
   4.9322623e-03
  -8.9194677e-03
  -1.4885530e-02
  -1.5975066e-02
  -8.2796878e-03
  -7.8476786e-04
   8.6322413e-05
  -2.9995407e-03
  -6.1375101e-03
  -7.8585886e-03
  -1.1883507e-02
  -1.2173097e-02
