   0.0000000e+00
   0.0000000e+00
   0.0000000e+00
   0.0000000e+00
   0.0000000e+00
   0.0000000e+00
   0.0000000e+00
   0.0000000e+00
   0.0000000e+00
   0.0000000e+00
   0.0000000e+00
   0.0000000e+00
   0.0000000e+00
   0.0000000e+00
   0.0000000e+00
   0.0000000e+00
   0.0000000e+00
   0.0000000e+00
   0.0000000e+00
   0.0000000e+00
   0.0000000e+00
   0.0000000e+00
  -0.0000000e+00
  -0.0000000e+00
  -0.0000000e+00
  -0.0000000e+00
  -0.0000000e+00
   0.0000000e+00
   0.0000000e+00
   0.0000000e+00
   0.0000000e+00
   0.0000000e+00
   0.0000000e+00
   0.0000000e+00
   0.0000000e+00
   0.0000000e+00
   0.0000000e+00
   5.4046962e-02
   4.0199500e-02
   2.2557614e-02
   2.5164396e-02
   1.5886158e-02
   2.2052737e-02
   2.0416414e-02
   1.9826433e-02
   2.3501726e-02
   2.6806662e-02
   2.8358923e-02
   3.2422118e-02
   3.1232124e-02
   2.9343015e-02
   2.9772690e-02
   2.2110533e-02
   7.9487031e-03
   7.6378351e-03
   1.0052431e-02
   1.6631680e-02
   1.7105134e-02
   1.3655065e-02
   1.0439130e-02
   1.2333258e-02
   2.1922668e-02
   3.3660486e-02
   4.2346962e-02
   4.5767829e-02
   7.3543280e-02
   1.6443148e-01
   1.4443746e-01
   1.2717293e-01
   6.2725693e-02
   3.6740720e-02
   0.0000000e+00
   2.0091634e-02
   1.5732691e-02
  -3.8366597e-03
  -1.7441671e-02
  -1.2699582e-02
   7.3526078e-03
   1.5740504e-02
   1.8354608e-02
   3.0241245e-02
   3.7818015e-02
   3.2136101e-02
   2.6920643e-02
   2.5709752e-02
   1.7596114e-02
   5.7581738e-03
   3.4372769e-03
  -4.2600250e-03
  -1.5733212e-02
  -1.3989206e-02
  -1.9909070e-04
   4.3596332e-03
   1.1985504e-02
   3.0034091e-02
   3.5743177e-02
   2.1521261e-02
   8.8961851e-03
   5.8725551e-03
   8.9183226e-03
   1.2498886e-02
   1.0298529e-02
   1.9860294e-02
   4.1476056e-02
   4.4204831e-02
   2.0521875e-02
   2.4131283e-03
   6.7313369e-03
  -1.3261272e-02
  -1.8365582e-02
  -2.0198252e-02
  -1.9441511e-02
  -1.5868096e-02
  -4.0085912e-03
   3.4685334e-04
   1.8942152e-03
   7.1385838e-03
   3.7416785e-03
  -1.5768467e-03
   4.4603329e-03
   1.8661609e-02
   2.1877546e-02
   3.4019398e-03
  -7.8816451e-03
  -1.7685518e-02
  -3.2464266e-02
  -2.2174453e-02
  -8.2320126e-04
   3.5638288e-03
   1.3838798e-02
   3.2331012e-02
   2.8125407e-02
   2.7726563e-03
  -1.4256049e-02
  -1.3715946e-02
  -9.5329704e-03
  -6.7454311e-03
  -4.6746610e-03
  -2.9993672e-03
   3.5522925e-04
  -4.1777408e-04
  -1.1743176e-02
  -2.0544436e-02
  -1.7148040e-02
  -2.7474819e-02
  -3.1139681e-02
  -2.8949223e-02
  -2.4642114e-02
  -1.6244987e-02
  -6.9725830e-03
   7.1547565e-04
   6.5655215e-05
  -1.0725883e-02
  -2.1927912e-02
  -1.7602334e-02
  -3.4322066e-03
   9.6648838e-03
   1.2075754e-02
  -1.3550583e-02
  -2.1695439e-02
  -2.5713027e-02
  -4.7815152e-02
  -7.8734607e-02
  -0.0000000e+00
   2.3108341e-03
   1.3795972e-02
   1.7544542e-02
  -3.9238315e-03
  -2.2400394e-02
  -3.0991122e-02
  -2.4113938e-02
  -2.0301655e-02
  -2.1698140e-02
  -1.1556878e-02
  -2.6370103e-03
  -8.7587647e-03
  -1.8379295e-02
  -2.5543138e-02
  -2.9332178e-02
  -2.7740609e-02
  -2.4673596e-02
  -1.9482534e-02
  -2.0248219e-02
  -2.0509720e-02
  -6.0163774e-03
   2.8983632e-03
   2.9446962e-03
  -5.5010910e-03
  -1.5738714e-02
  -2.1778781e-02
  -1.6864257e-02
  -5.3034551e-03
  -2.1042661e-03
  -4.5105871e-03
  -2.4264956e-02
  -2.5977859e-02
  -2.6398096e-02
  -3.8622987e-02
  -6.1754428e-02
   0.0000000e+00
   3.5345685e-03
   9.4751446e-03
   3.2659508e-03
  -2.2250792e-02
  -3.2289729e-02
  -3.8475044e-02
  -3.0301876e-02
  -2.2712100e-02
  -1.7851247e-02
  -7.8735612e-03
  -2.2579168e-03
  -9.8027419e-03
  -2.1320947e-02
  -2.5274580e-02
  -2.6413871e-02
  -2.5624162e-02
  -1.4291253e-02
  -1.4295281e-03
  -4.3030176e-03
  -4.2729029e-03
   7.2823437e-03
   9.4060916e-03
   8.2040916e-04
  -1.2919603e-02
  -1.7941855e-02
  -1.6583256e-02
  -1.4901048e-02
  -7.2800447e-03
  -1.0595089e-02
  -1.4162030e-02
  -2.5857290e-02
  -2.3050457e-02
  -2.0789733e-02
  -1.9059222e-02
  -1.6904622e-02
   0.0000000e+00
   5.1754392e-03
   1.7249881e-03
  -6.3987761e-03
  -2.6031798e-02
  -2.9993581e-02
  -3.5240971e-02
  -2.4863575e-02
  -1.4131420e-02
  -5.6183888e-03
  -3.3722613e-03
  -6.6218660e-03
  -1.0923238e-02
  -1.9324606e-02
  -2.0335190e-02
  -2.0502184e-02
  -1.9041173e-02
   2.5503384e-03
   1.8513899e-02
   1.6555251e-02
   2.8238685e-02
   0.0000000e+00
   5.5044390e-03
  -7.3242250e-03
  -2.0206400e-02
  -2.2047492e-02
  -1.4969593e-02
  -1.7200351e-02
  -1.1379342e-02
  -1.4968979e-02
  -1.3739025e-02
  -1.9823194e-02
  -1.4374293e-02
  -7.7263452e-03
   7.1907912e-03
   3.2213589e-02
   0.0000000e+00
   6.0052931e-03
  -1.1376724e-02
  -1.3068444e-02
  -1.7855433e-02
  -1.7118201e-02
  -1.9100484e-02
  -1.4941011e-03
   9.5682284e-03
   1.1869293e-02
  -2.5889915e-03
  -1.7385933e-02
  -1.3527556e-02
  -1.4424558e-02
  -1.2586300e-02
  -1.3830848e-02
  -9.9545513e-03
   3.1159803e-02
   1.0289841e-01
   6.8630293e-02
   0.0000000e+00
  -0.0000000e+00
  -6.5221996e-03
  -4.7729556e-03
  -6.7257346e-03
  -1.4555405e-02
  -1.2936119e-02
  -1.3235596e-02
  -6.5222848e-03
  -9.1599729e-03
  -2.7412882e-03
  -6.9354284e-03
  -1.9764879e-03
   8.6751785e-03
   3.1331282e-02
   3.4727961e-02
   0.0000000e+00
   0.0000000e+00
  -1.7160697e-02
  -5.2087498e-03
  -4.0684440e-03
  -6.4482568e-03
   1.1645878e-02
   4.7241893e-02
   4.1369580e-02
   0.0000000e+00
  -7.9279561e-03
  -1.2005979e-02
   1.3260277e-03
  -2.7747292e-03
   1.5218208e-03
   6.4563408e-04
   8.0977604e-03
   4.4441923e-02
   1.1439287e-01
   0.0000000e+00
   0.0000000e+00
  -0.0000000e+00
  -4.0419814e-03
   1.4987653e-03
   2.4447157e-03
  -6.9869305e-03
  -7.2299726e-03
  -5.8389953e-03
  -1.1624718e-03
  -3.8300504e-03
   4.9521131e-03
  -4.8484793e-04
   3.0550482e-03
   1.6285678e-02
   4.4367734e-02
   2.4179824e-02
  -0.0000000e+00
   0.0000000e+00
  -1.3619093e-02
   1.1631419e-03
   2.2041872e-03
  -1.0477204e-05
   2.7825879e-02
   6.7949750e-02
   4.8472613e-02
  -0.0000000e+00
  -7.8293215e-03
  -4.5499722e-03
   1.0992771e-02
   4.0101842e-03
   8.8911057e-03
   8.0639841e-03
   1.7663216e-02
   5.9720933e-02
   1.0847040e-01
   0.0000000e+00
   0.0000000e+00
  -0.0000000e+00
   4.3880966e-03
   1.2231861e-02
   1.5007864e-02
   4.5482995e-03
   2.6276134e-03
   6.5122323e-03
   7.1505610e-03
   4.1222680e-03
   1.5591833e-02
   7.2587766e-03
   8.3421653e-03
   2.5037602e-02
   6.0629164e-02
   3.9432119e-03
  -0.0000000e+00
   0.0000000e+00
  -5.2384295e-03
   1.0376277e-02
   9.3313043e-03
   8.4216826e-03
   4.7756557e-02
   9.0444320e-02
   5.1345103e-02
  -0.0000000e+00
  -5.9333648e-03
   7.4562784e-03
   2.4029246e-02
   1.2767122e-02
   1.7935104e-02
   1.7080086e-02
   2.9486048e-02
   5.6639370e-02
   3.1600781e-02
  -0.0000000e+00
   0.0000000e+00
  -0.0000000e+00
   2.5793482e-02
   2.1303548e-02
   1.7865404e-02
   1.0591542e-02
   1.2156306e-02
   1.5033699e-02
   1.5313935e-02
   1.5369498e-02
   2.4766538e-02
   1.5985336e-02
   1.8553803e-02
   4.1583665e-02
   6.0440414e-02
  -3.1735405e-02
  -0.0000000e+00
  -0.0000000e+00
  -0.0000000e+00
   1.5712440e-02
   1.5571240e-02
   2.1840615e-02
   6.1026379e-02
   6.5298237e-02
  -0.0000000e+00
  -0.0000000e+00
   1.6439781e-02
   2.6646486e-02
   3.0728757e-02
   1.7844530e-02
   2.4701992e-02
   2.8984521e-02
   4.4946328e-02
   5.3647052e-02
   9.1917338e-03
  -0.0000000e+00
  -0.0000000e+00
   2.5805782e-03
   3.3047426e-02
   2.4259221e-02
   1.9137204e-02
   1.3674114e-02
   1.7019320e-02
   1.9301267e-02
   2.0181734e-02
   2.1382753e-02
   2.8815560e-02
   2.0445764e-02
   2.4751065e-02
   4.8766319e-02
   5.6276295e-02
  -4.8138991e-02
  -0.0000000e+00
  -0.0000000e+00
   0.0000000e+00
   1.8734291e-02
   1.9187624e-02
   2.7675463e-02
   6.4176753e-02
   5.3551834e-02
  -0.0000000e+00
  -0.0000000e+00
   0.0000000e+00
   3.3625156e-02
   3.3826906e-02
   2.1473117e-02
   2.9540012e-02
   3.5765361e-02
   5.1363263e-02
   4.0032337e-02
   9.2603543e-03
  -0.0000000e+00
   0.0000000e+00
   2.6546057e-02
   3.9621505e-02
   2.6274208e-02
   2.1988026e-02
   2.2258393e-02
   3.0571254e-02
   3.0891314e-02
   3.6354369e-02
   3.9155346e-02
   3.7745379e-02
   3.2901011e-02
   4.5684505e-02
   6.4093421e-02
   2.9554372e-02
  -0.0000000e+00
  -0.0000000e+00
  -0.0000000e+00
   0.0000000e+00
   2.8264825e-02
   3.0870299e-02
   4.0168797e-02
   5.9495320e-02
   2.4857594e-02
  -0.0000000e+00
   0.0000000e+00
   0.0000000e+00
   4.2610601e-02
   4.1267744e-02
   3.5440120e-02
   4.8167732e-02
   5.7283216e-02
   6.3770171e-02
   3.0820454e-02
   2.5105620e-02
   0.0000000e+00
   0.0000000e+00
   2.4394311e-02
   2.7911035e-02
   1.9332057e-02
   1.8711019e-02
   2.0456847e-02
   2.9502001e-02
   3.1405471e-02
   3.9391059e-02
   4.1863918e-02
   4.1610740e-02
   3.8672950e-02
   4.9922049e-02
   5.7264842e-02
   3.1263579e-02
  -0.0000000e+00
  -0.0000000e+00
   0.0000000e+00
   0.0000000e+00
   3.4310460e-02
   3.6650144e-02
   4.1906986e-02
   5.2769043e-02
   1.9174920e-02
  -0.0000000e+00
   0.0000000e+00
   0.0000000e+00
   4.1402116e-02
   3.8445018e-02
   3.7593000e-02
   4.9175475e-02
   5.4128040e-02
   5.2278645e-02
   1.9304675e-02
   0.0000000e+00
   1.5804655e-02
   1.3402542e-02
   2.1704413e-02
   1.3271783e-02
   1.0653674e-02
   1.4614431e-02
   1.8204736e-02
   2.8165325e-02
   3.2048215e-02
   4.3187216e-02
   4.5249905e-02
   4.6442824e-02
   4.5888447e-02
   5.5219404e-02
   4.8728424e-02
   3.3400257e-02
  -0.0000000e+00
   0.0000000e+00
   0.0000000e+00
   0.0000000e+00
   4.1868109e-02
   4.3875519e-02
   4.4079904e-02
   4.4360525e-02
   1.2071013e-02
  -0.0000000e+00
   0.0000000e+00
   0.0000000e+00
   3.9891385e-02
   3.4916329e-02
   4.0284323e-02
   5.0435252e-02
   5.0183757e-02
   3.7913087e-02
   1.4216986e-02
   0.0000000e+00
   6.5158098e-03
   7.1665854e-04
   5.5691372e-03
  -1.2918140e-03
  -2.5054296e-03
   6.1403599e-04
   3.6447470e-03
   9.5164273e-03
   1.3194398e-02
   2.0251622e-02
   2.1863526e-02
   3.0575562e-02
   3.4722026e-02
   3.4614421e-02
   2.3607200e-02
   1.3964024e-03
  -0.0000000e+00
   0.0000000e+00
   0.0000000e+00
   0.0000000e+00
   2.6703086e-02
   2.9118564e-02
   3.4046851e-02
   3.2921307e-02
   2.6566429e-02
   0.0000000e+00
   0.0000000e+00
   0.0000000e+00
   2.9777255e-02
   1.9872885e-02
   2.6303079e-02
   2.7343892e-02
   2.5512287e-02
   1.4475618e-02
   0.0000000e+00
   0.0000000e+00
   2.9643076e-03
  -4.1336712e-03
  -6.0003392e-04
  -6.8600694e-03
  -7.5366908e-03
  -4.7388840e-03
  -1.9221283e-03
   2.3861950e-03
   5.9858159e-03
   1.1482414e-02
   1.2921966e-02
   2.4508865e-02
   3.0452650e-02
   2.6736297e-02
   1.4002332e-02
  -1.0839973e-02
  -0.0000000e+00
   0.0000000e+00
   0.0000000e+00
   2.6980970e-02
   2.0904878e-02
   2.3476378e-02
   3.0210805e-02
   2.8547632e-02
   3.2108612e-02
   0.0000000e+00
   0.0000000e+00
   0.0000000e+00
   2.5910216e-02
   1.4121163e-02
   2.0957484e-02
   1.8515127e-02
   1.6079384e-02
   5.5145185e-03
   0.0000000e+00
  -0.0000000e+00
  -1.0231409e-02
  -2.0369651e-02
  -2.2203784e-02
  -2.6206400e-02
  -3.3734985e-02
  -3.3636972e-02
  -3.3438973e-02
  -3.6318593e-02
  -3.1458315e-02
  -2.5012281e-02
  -1.7991390e-02
  -4.8401607e-03
   4.2748293e-03
   2.4803434e-03
  -5.6375209e-03
  -1.0226179e-02
  -0.0000000e+00
  -0.0000000e+00
  -0.0000000e+00
  -1.2504995e-02
  -7.7005308e-03
   1.5234759e-03
   1.6672840e-02
   1.7697318e-02
   2.7643055e-02
   0.0000000e+00
   0.0000000e+00
   0.0000000e+00
   6.6559032e-02
   5.8001843e-03
   5.6537911e-03
   6.6784350e-03
   1.3309725e-02
   1.4558610e-03
   0.0000000e+00
  -6.4471164e-03
  -1.1107357e-02
  -2.0422393e-02
  -2.5064802e-02
  -2.9073555e-02
  -3.7085559e-02
  -3.8913958e-02
  -4.0434413e-02
  -4.5833226e-02
  -4.2117227e-02
  -3.6965229e-02
  -2.9141059e-02
  -1.7185818e-02
  -1.1798795e-03
  -1.9095070e-04
  -9.1583524e-03
  -1.4978277e-02
  -0.0000000e+00
  -0.0000000e+00
  -3.3159129e-02
  -2.3010075e-02
  -1.6537381e-02
  -5.3278147e-03
   1.8410970e-02
   1.8395944e-02
   1.1490270e-02
   0.0000000e+00
   0.0000000e+00
   0.0000000e+00
   7.0320860e-02
   6.8834750e-03
   3.2638258e-03
   8.9123650e-03
   1.9222008e-02
   4.9138367e-03
   0.0000000e+00
   1.3737808e-03
  -1.3193002e-02
  -1.9902358e-02
  -3.2775686e-02
  -3.6897299e-02
  -4.6078327e-02
  -5.3594015e-02
  -6.0179031e-02
  -7.2862283e-02
  -7.2644256e-02
  -7.1428152e-02
  -6.1418748e-02
  -5.3129887e-02
  -1.6508789e-02
  -7.2197125e-03
  -1.8937965e-02
  -2.9311887e-02
  -0.0000000e+00
  -0.0000000e+00
  -4.4139905e-02
  -5.2988584e-02
  -4.1947981e-02
  -2.5038294e-02
   2.4210290e-02
   0.0000000e+00
  -0.0000000e+00
  -0.0000000e+00
  -0.0000000e+00
   0.0000000e+00
   0.0000000e+00
   1.0493027e-02
  -3.2921922e-03
   1.6133341e-02
   3.7138931e-02
   1.5495049e-02
   0.0000000e+00
   1.4253931e-02
  -5.2122753e-03
  -1.2103991e-02
  -2.6216360e-02
  -3.1498320e-02
  -3.9264042e-02
  -4.9718428e-02
  -5.5214629e-02
  -6.3068844e-02
  -6.4195529e-02
  -6.9542900e-02
  -6.2824391e-02
  -7.1020506e-02
  -2.3720574e-02
  -5.8868369e-03
  -6.4419165e-02
  -8.7714374e-02
  -0.0000000e+00
  -6.4500667e-02
  -4.8142254e-02
  -6.0263302e-02
  -5.1085845e-02
  -4.3007560e-02
  -2.8575931e-02
  -0.0000000e+00
  -0.0000000e+00
  -0.0000000e+00
  -0.0000000e+00
   0.0000000e+00
   0.0000000e+00
   7.8393286e-03
  -6.0087559e-03
   2.6677368e-02
   3.9152514e-02
   2.6701240e-02
   0.0000000e+00
   2.5736405e-02
   1.9024299e-03
  -5.1518569e-03
  -2.0368816e-02
  -2.6685209e-02
  -3.3189209e-02
  -4.6263394e-02
  -5.0788945e-02
  -5.4338135e-02
  -5.6663605e-02
  -6.7862232e-02
  -6.4077493e-02
  -8.6969748e-02
  -3.0149783e-02
  -4.6985971e-03
  -1.0496501e-01
  -0.0000000e+00
  -2.3469385e-02
  -2.9703133e-02
  -5.1710294e-02
  -6.6748615e-02
  -5.9232124e-02
  -5.9026906e-02
  -7.5634090e-02
  -0.0000000e+00
  -0.0000000e+00
  -0.0000000e+00
  -0.0000000e+00
  -0.0000000e+00
   0.0000000e+00
   5.4735949e-03
  -8.4305345e-03
   3.6077222e-02
   4.0947605e-02
   3.6691402e-02
   0.0000000e+00
   2.5455134e-02
   9.0272250e-03
   2.1113260e-03
  -9.3054166e-03
  -1.2838047e-02
  -1.6655557e-02
  -3.1461429e-02
  -3.4331720e-02
  -3.4338422e-02
  -3.4969904e-02
  -4.7597155e-02
  -4.6723675e-02
  -7.4293450e-02
  -2.7416194e-02
   4.4903554e-02
  -0.0000000e+00
  -4.0424820e-02
  -1.1809116e-02
  -2.0825913e-02
  -3.7064616e-02
  -4.5459256e-02
  -5.3451099e-02
  -6.9502607e-02
  -7.7687010e-02
  -0.0000000e+00
  -0.0000000e+00
  -0.0000000e+00
  -0.0000000e+00
  -0.0000000e+00
  -0.0000000e+00
   1.6775226e-03
  -1.8910693e-02
   0.0000000e+00
   5.9488621e-02
   8.6968422e-02
   0.0000000e+00
   1.7899722e-02
   8.8597424e-03
   3.4271814e-03
  -5.8851247e-03
  -7.8073647e-03
  -1.0161038e-02
  -2.4865301e-02
  -2.7862273e-02
  -2.8507864e-02
  -2.8372621e-02
  -4.1000295e-02
  -4.2581622e-02
  -6.8065390e-02
  -2.3087904e-02
   0.0000000e+00
   2.1461349e-03
  -1.5481245e-02
  -5.5807112e-03
  -1.7056553e-02
  -3.0365966e-02
  -3.6985662e-02
  -4.9645416e-02
  -6.9444001e-02
  -7.5028159e-02
  -0.0000000e+00
  -0.0000000e+00
  -0.0000000e+00
  -0.0000000e+00
  -0.0000000e+00
  -0.0000000e+00
  -2.0525930e-03
  -1.6120655e-02
   0.0000000e+00
   0.0000000e+00
   0.0000000e+00
   0.0000000e+00
  -0.0000000e+00
   2.7949173e-03
   3.1761456e-03
  -6.1775113e-04
   1.7770471e-03
   3.2293352e-03
  -9.7578780e-03
  -1.4514057e-02
  -2.0392044e-02
  -1.8480612e-02
  -3.0027898e-02
  -3.9198968e-02
  -5.2816503e-02
  -7.8882842e-03
   0.0000000e+00
   1.9950457e-02
   8.7906366e-03
   1.0439123e-02
  -8.7404872e-03
  -1.4731084e-02
  -1.9300816e-02
  -3.8839251e-02
  -6.1275493e-02
  -6.2864212e-02
  -0.0000000e+00
  -0.0000000e+00
  -0.0000000e+00
  -0.0000000e+00
  -0.0000000e+00
  -0.0000000e+00
  -1.4060707e-02
   2.9497842e-03
   0.0000000e+00
   0.0000000e+00
   0.0000000e+00
   0.0000000e+00
  -0.0000000e+00
  -1.0742681e-02
  -4.5925947e-03
  -5.0542173e-03
  -6.7233940e-04
   5.1528690e-03
  -1.7177628e-03
  -7.3268963e-03
  -1.5522710e-02
  -1.1834352e-02
  -2.4759276e-02
  -4.4722203e-02
  -4.6119317e-02
  -5.1571671e-03
   0.0000000e+00
   4.6935610e-02
   3.0293468e-02
   1.8732842e-02
   4.8681051e-03
  -2.7491560e-03
  -8.8048242e-03
  -2.5128799e-02
  -4.7590122e-02
  -4.0547591e-02
  -0.0000000e+00
  -0.0000000e+00
  -0.0000000e+00
  -0.0000000e+00
  -0.0000000e+00
  -0.0000000e+00
  -0.0000000e+00
  -0.0000000e+00
   0.0000000e+00
   0.0000000e+00
   0.0000000e+00
  -0.0000000e+00
  -0.0000000e+00
  -1.9823391e-02
  -1.0715975e-02
  -7.6759877e-03
  -1.3339208e-03
   7.3025501e-03
   3.5778538e-03
  -2.7934038e-03
  -1.1407422e-02
  -6.2616873e-03
  -1.9793289e-02
  -4.5733169e-02
  -4.1305695e-02
   7.9165201e-04
   0.0000000e+00
   0.0000000e+00
   0.0000000e+00
   2.2496747e-02
   1.4876183e-02
   5.4280665e-03
  -1.4459952e-03
  -1.4126477e-02
  -3.6135219e-02
  -2.4886921e-02
  -0.0000000e+00
  -0.0000000e+00
  -7.8944318e-02
  -1.0631065e-01
  -0.0000000e+00
  -0.0000000e+00
  -0.0000000e+00
  -0.0000000e+00
   0.0000000e+00
   0.0000000e+00
   0.0000000e+00
  -0.0000000e+00
  -0.0000000e+00
  -0.0000000e+00
  -2.0745323e-02
  -7.3031298e-03
   4.3505386e-03
   1.4202233e-02
   6.6960406e-03
  -1.4025062e-03
  -3.1885003e-03
   4.6471147e-03
  -7.3225507e-03
  -2.9562872e-02
  -3.5902343e-02
   0.0000000e+00
   0.0000000e+00
   0.0000000e+00
   0.0000000e+00
   1.3871227e-02
   2.7437257e-02
   1.2064075e-02
   5.7313147e-03
   4.9373756e-03
  -1.3811000e-02
  -9.5268191e-03
  -1.4966322e-03
  -8.3460601e-04
  -1.6290502e-02
  -4.8923336e-02
  -3.5011191e-02
  -0.0000000e+00
  -0.0000000e+00
  -0.0000000e+00
   0.0000000e+00
   0.0000000e+00
  -0.0000000e+00
  -0.0000000e+00
  -0.0000000e+00
  -0.0000000e+00
  -2.1714153e-02
  -9.4894655e-03
   1.0090393e-02
   2.6025960e-02
   1.2962663e-02
   2.7895812e-03
   9.7825695e-03
   1.4679302e-02
   1.0524620e-02
   4.1044028e-03
   1.8509751e-02
   0.0000000e+00
  -0.0000000e+00
   0.0000000e+00
  -0.0000000e+00
  -2.8371280e-03
   1.8425796e-02
   1.3036400e-02
   1.2502169e-02
   1.0631062e-02
   3.9026816e-04
   5.3950632e-03
   0.0000000e+00
   6.9177435e-03
  -1.0631556e-02
  -0.0000000e+00
  -0.0000000e+00
  -0.0000000e+00
  -0.0000000e+00
  -0.0000000e+00
   0.0000000e+00
  -0.0000000e+00
  -0.0000000e+00
  -0.0000000e+00
  -0.0000000e+00
  -0.0000000e+00
  -2.7833182e-02
  -1.6613619e-02
   3.8484894e-03
   2.0944405e-02
   7.2469795e-03
  -1.5625677e-03
   1.1038154e-02
   1.7012857e-02
   2.1697305e-02
   3.3673123e-02
   6.1556183e-02
   0.0000000e+00
  -0.0000000e+00
  -0.0000000e+00
  -0.0000000e+00
  -0.0000000e+00
   7.8254315e-04
   1.0438119e-02
   1.8290250e-02
   1.0001857e-02
   5.9930142e-03
   1.7346373e-02
   2.6331514e-02
   0.0000000e+00
  -0.0000000e+00
  -0.0000000e+00
  -0.0000000e+00
  -0.0000000e+00
  -0.0000000e+00
  -0.0000000e+00
   0.0000000e+00
  -0.0000000e+00
  -0.0000000e+00
  -0.0000000e+00
  -0.0000000e+00
  -0.0000000e+00
  -0.0000000e+00
  -2.7757782e-02
  -1.2296560e-02
  -3.6071113e-04
  -1.3542037e-02
  -2.0266211e-02
  -2.6849045e-03
   1.1920977e-02
   2.7627913e-02
   6.6537552e-02
   9.3372554e-02
   0.0000000e+00
  -0.0000000e+00
  -0.0000000e+00
  -0.0000000e+00
  -0.0000000e+00
  -0.0000000e+00
   2.1361164e-05
   1.4450305e-02
   1.5936956e-03
   3.2479553e-03
   2.1088701e-02
   2.9132599e-02
   0.0000000e+00
  -0.0000000e+00
  -0.0000000e+00
  -0.0000000e+00
  -0.0000000e+00
  -0.0000000e+00
  -0.0000000e+00
  -0.0000000e+00
   0.0000000e+00
  -0.0000000e+00
  -0.0000000e+00
  -0.0000000e+00
  -0.0000000e+00
  -0.0000000e+00
  -3.2780405e-02
  -2.4646889e-02
  -2.6095970e-02
  -4.7376391e-02
  -5.8052044e-02
  -3.6007475e-02
   1.8769148e-03
   3.0899283e-02
   9.8108143e-02
   0.0000000e+00
   0.0000000e+00
  -0.0000000e+00
  -0.0000000e+00
  -0.0000000e+00
  -0.0000000e+00
  -0.0000000e+00
  -2.2102341e-02
  -1.7918285e-02
  -2.1670168e-02
  -1.4436399e-02
  -8.7193248e-04
   0.0000000e+00
  -0.0000000e+00
  -0.0000000e+00
  -0.0000000e+00
  -0.0000000e+00
  -0.0000000e+00
  -0.0000000e+00
  -0.0000000e+00
   0.0000000e+00
   0.0000000e+00
   0.0000000e+00
  -0.0000000e+00
  -0.0000000e+00
  -0.0000000e+00
  -0.0000000e+00
  -0.0000000e+00
  -0.0000000e+00
  -2.9181303e-02
  -6.7667916e-02
  -7.5636290e-02
  -6.4823836e-02
   3.4606948e-03
   4.8733767e-02
   0.0000000e+00
   0.0000000e+00
   0.0000000e+00
  -0.0000000e+00
  -0.0000000e+00
  -0.0000000e+00
  -0.0000000e+00
  -0.0000000e+00
  -2.7552029e-02
  -3.6409382e-02
  -5.5663057e-02
  -5.9890091e-02
  -4.0739182e-02
  -2.0349456e-02
  -0.0000000e+00
  -0.0000000e+00
   0.0000000e+00
   0.0000000e+00
  -0.0000000e+00
  -0.0000000e+00
  -0.0000000e+00
   0.0000000e+00
   0.0000000e+00
   0.0000000e+00
  -0.0000000e+00
  -0.0000000e+00
  -0.0000000e+00
  -0.0000000e+00
  -0.0000000e+00
   0.0000000e+00
  -0.0000000e+00
  -0.0000000e+00
  -0.0000000e+00
  -6.9425821e-02
  -0.0000000e+00
   0.0000000e+00
   0.0000000e+00
   0.0000000e+00
   0.0000000e+00
  -0.0000000e+00
  -0.0000000e+00
  -0.0000000e+00
  -0.0000000e+00
  -5.9874104e-03
   3.3293196e-03
   0.0000000e+00
  -0.0000000e+00
  -5.9795540e-02
  -7.2281785e-02
  -4.8216227e-02
  -4.0213462e-02
  -4.2956978e-02
  -0.0000000e+00
  -0.0000000e+00
  -0.0000000e+00
  -0.0000000e+00
  -0.0000000e+00
  -0.0000000e+00
  -0.0000000e+00
  -0.0000000e+00
  -7.7994773e-03
  -5.7972825e-03
  -6.1662270e-03
  -3.6068190e-03
   2.3999613e-04
   1.1051181e-03
  -8.5078454e-03
  -2.3819707e-02
  -2.4516049e-02
  -2.2816492e-02
  -1.2875572e-02
  -8.0767172e-04
   6.1274150e-03
   1.2358569e-02
   1.2427360e-02
   1.0305806e-02
   1.4578171e-02
   1.4799563e-02
   1.5474237e-02
   2.3136537e-02
   0.0000000e+00
   0.0000000e+00
   0.0000000e+00
  -0.0000000e+00
  -3.3206558e-02
  -3.8574617e-02
  -2.9663619e-02
  -2.2554731e-02
  -1.4637570e-02
  -1.1909297e-02
  -1.4107837e-02
  -1.8295110e-02
  -1.5536397e-02
  -1.0162016e-02
  -9.8326013e-03
  -8.1589515e-03
