   0.0000000e+00
   0.0000000e+00
   0.0000000e+00
   0.0000000e+00
   0.0000000e+00
   0.0000000e+00
   0.0000000e+00
   0.0000000e+00
  -0.0000000e+00
  -0.0000000e+00
  -0.0000000e+00
  -0.0000000e+00
  -0.0000000e+00
  -0.0000000e+00
  -0.0000000e+00
  -0.0000000e+00
  -0.0000000e+00
  -0.0000000e+00
  -0.0000000e+00
  -0.0000000e+00
  -0.0000000e+00
  -0.0000000e+00
  -0.0000000e+00
  -0.0000000e+00
  -0.0000000e+00
  -0.0000000e+00
  -0.0000000e+00
  -0.0000000e+00
  -0.0000000e+00
   0.0000000e+00
   0.0000000e+00
   0.0000000e+00
   0.0000000e+00
   0.0000000e+00
   0.0000000e+00
   0.0000000e+00
  -0.0000000e+00
  -3.0907845e-02
   4.5840330e-03
   1.7630883e-02
   4.4238910e-02
   7.4426055e-02
   6.1876908e-02
   3.0056348e-03
  -1.0354523e-02
  -1.2050688e-02
  -6.8218568e-03
  -7.1514752e-03
  -3.4107491e-02
  -5.6446284e-02
  -6.4663954e-02
  -5.2412461e-02
  -6.6979453e-02
  -5.4309811e-02
  -3.6525354e-02
  -2.9989384e-02
  -2.5776925e-03
  -5.6560594e-03
  -1.3270283e-02
  -2.1802634e-02
  -7.8310475e-02
  -8.1289329e-02
  -6.6743374e-02
  -7.4091360e-02
  -9.2532754e-02
  -7.0807405e-02
  -1.3688372e-01
  -1.4950129e-01
  -1.4208929e-01
  -7.4392281e-02
  -1.2075750e-01
  -0.0000000e+00
  -6.2354710e-02
  -6.6049501e-02
  -5.8338940e-02
  -5.0086956e-02
  -4.5910157e-02
  -4.5424137e-02
  -5.3434577e-02
  -5.4428075e-02
  -4.1345440e-02
  -2.7089281e-02
  -1.5814452e-02
  -7.6005752e-03
  -5.2958629e-03
  -1.2542814e-02
  -2.0878669e-02
  -1.9316711e-02
  -1.9534759e-02
  -2.1754701e-02
  -2.3850402e-02
  -2.2578051e-02
  -1.4909040e-02
  -8.1754504e-03
  -8.5794693e-03
  -1.5959814e-02
  -2.1183494e-02
  -2.8529042e-02
  -3.7333801e-02
  -4.0059593e-02
  -4.0881906e-02
  -4.7202732e-02
  -5.4023050e-02
  -5.7305362e-02
  -5.6737274e-02
  -5.0347995e-02
  -4.9384903e-02
  -5.4285675e-02
   1.4524935e-03
  -3.4231581e-03
  -1.8757723e-03
  -1.1617371e-02
  -2.1859584e-02
  -2.2392597e-02
  -2.5604302e-02
  -3.1377953e-02
  -2.8372174e-02
  -2.3762625e-02
  -2.0501904e-02
  -7.6013627e-03
   9.9325562e-03
   2.2693615e-02
   2.3751065e-02
   2.3854734e-02
   2.6011731e-02
   3.1159034e-02
   3.5801083e-02
   2.2966817e-02
   7.8890864e-03
   9.0917349e-03
   7.3356610e-03
   1.9688634e-03
   6.9792208e-04
   1.7434481e-03
   1.5439058e-02
   3.6325473e-02
   4.6368945e-02
   3.6132202e-02
   1.3948094e-02
  -2.3764824e-03
  -1.1622189e-03
   1.4449275e-02
   1.8476134e-02
   1.0670805e-02
   9.3142852e-02
   8.9016020e-02
   8.3835624e-02
   6.8626881e-02
   4.8493151e-02
   3.9907821e-02
   3.2515850e-02
   1.5383629e-02
   6.5731443e-03
   1.1208424e-02
   2.0833280e-02
   3.3040825e-02
   4.9966630e-02
   6.5881476e-02
   6.8140507e-02
   6.6511936e-02
   6.7214750e-02
   6.8899989e-02
   1.1728884e-01
   0.0000000e+00
   5.9586704e-02
   6.0544532e-02
   5.6489505e-02
   5.8500599e-02
   6.2502123e-02
   5.7854515e-02
   6.7548558e-02
   8.4984042e-02
   9.6595027e-02
   9.9277310e-02
   9.3376495e-02
   8.0401570e-02
   7.8833602e-02
   9.2163868e-02
   9.5302865e-02
   9.1838144e-02
   1.6374488e-01
   1.5768588e-01
   1.5007831e-01
   1.3434644e-01
   1.0921566e-01
   8.9459784e-02
   7.2295599e-02
   5.0626092e-02
   4.2837184e-02
   5.0280500e-02
   6.5915368e-02
   6.8555690e-02
   7.7733122e-02
   9.4425842e-02
   1.0729267e-01
   1.1367732e-01
   1.1340306e-01
   1.0108063e-01
   2.4790159e-01
   0.0000000e+00
   8.3629988e-02
   9.2627399e-02
   1.0175280e-01
   1.2444030e-01
   1.3843226e-01
   1.3118596e-01
   1.3247384e-01
   1.2761502e-01
   1.3221954e-01
   1.4219359e-01
   1.5400206e-01
   1.5109515e-01
   1.4478281e-01
   1.5492630e-01
   1.5629376e-01
   1.5960495e-01
   1.5410580e-01
   1.4498312e-01
   1.3164062e-01
   1.2980624e-01
   1.2258506e-01
   1.0261764e-01
   9.8692923e-02
   9.8342031e-02
   9.5805750e-02
   8.9652044e-02
   9.3006778e-02
   8.6692811e-02
   9.1093589e-02
   1.0306589e-01
   1.1701846e-01
   1.1958928e-01
   1.2978409e-01
   1.0592922e-01
   2.2315366e-01
   0.0000000e+00
   7.3174317e-02
   9.5311883e-02
   1.1794468e-01
   1.5448769e-01
   1.7072914e-01
   1.6709806e-01
   1.5824640e-01
   1.3507163e-01
   1.3421734e-01
   1.2679221e-01
   1.3939003e-01
   1.5617936e-01
   1.6152354e-01
   1.6629972e-01
   1.5619669e-01
   1.5462980e-01
   9.6031249e-02
   8.5158154e-02
   7.2992019e-02
   9.1034815e-02
   0.0000000e+00
   7.2941557e-02
   8.5840538e-02
   9.7042792e-02
   9.7560927e-02
   8.6648047e-02
   8.3856232e-02
   7.7528231e-02
   8.6978674e-02
   9.3759023e-02
   1.0376059e-01
   8.7782353e-02
   9.2653580e-02
   6.9386870e-02
   9.2840739e-02
   0.0000000e+00
   4.4942528e-02
   6.8340234e-02
   9.2707172e-02
   1.1534406e-01
   1.2062152e-01
   1.2122430e-01
   1.0382372e-01
   7.5996473e-02
   7.8276277e-02
   7.3953822e-02
   9.2102975e-02
   1.1384210e-01
   1.1626381e-01
   1.1632819e-01
   1.1208200e-01
   1.0978283e-01
   5.2891478e-02
   4.7974825e-02
   3.2301210e-02
   0.0000000e+00
   0.0000000e+00
   5.8326516e-02
   6.5271221e-02
   7.4467838e-02
   7.5533994e-02
   6.5936826e-02
   6.4164542e-02
   5.8243249e-02
   6.6222273e-02
   6.6557400e-02
   7.4248582e-02
   5.2965075e-02
   5.6654129e-02
   3.7570782e-02
   3.7698038e-02
   0.0000000e+00
   0.0000000e+00
   3.7367705e-02
   5.6902222e-02
   7.2820619e-02
   7.1609311e-02
   7.3042519e-02
   5.2889824e-02
   3.3255160e-02
   0.0000000e+00
   3.3119291e-02
   5.2521747e-02
   7.3221184e-02
   7.3363356e-02
   7.1587816e-02
   6.9784895e-02
   6.7622326e-02
   7.2846538e-03
   1.4378236e-02
  -0.0000000e+00
   0.0000000e+00
   0.0000000e+00
   4.8724786e-02
   3.4847926e-02
   3.3588529e-02
   3.3879212e-02
   2.9492180e-02
   3.3195074e-02
   2.8032159e-02
   3.0343977e-02
   2.1827416e-02
   2.7567801e-02
   7.3468739e-03
   1.1968816e-02
   2.5764265e-04
   1.2199169e-02
   0.0000000e+00
  -0.0000000e+00
  -3.9867595e-03
   5.6202541e-03
   1.7279240e-02
   1.0511613e-02
   1.1000416e-02
  -9.2288793e-03
  -1.1031535e-02
  -0.0000000e+00
  -1.1297839e-02
   7.1697195e-03
   2.3056699e-02
   2.0703459e-02
   1.8289790e-02
   1.7568223e-02
   1.6085888e-02
  -3.3569634e-02
  -4.4465899e-03
  -0.0000000e+00
  -0.0000000e+00
   0.0000000e+00
  -1.8595524e-02
  -1.1446171e-02
  -1.6904218e-02
  -1.1623858e-02
  -1.4221555e-02
  -1.1935185e-02
  -1.9252460e-02
  -2.0063670e-02
  -3.0858699e-02
  -2.3838405e-02
  -3.3534650e-02
  -2.6381738e-02
  -3.9505459e-02
  -1.8832525e-03
   0.0000000e+00
  -0.0000000e+00
  -4.7322065e-02
  -3.6545910e-02
  -2.7540712e-02
  -3.3749852e-02
  -4.1907139e-02
  -5.1627729e-02
   1.3179099e-03
  -0.0000000e+00
  -6.7875035e-02
  -2.8554719e-02
  -2.7085559e-02
  -2.8771237e-02
  -3.1090481e-02
  -3.4564085e-02
  -3.4441900e-02
  -4.5089222e-02
  -7.7190460e-03
  -0.0000000e+00
  -0.0000000e+00
  -0.0000000e+00
  -3.7825584e-02
  -3.1270355e-02
  -3.5711233e-02
  -2.8596522e-02
  -3.1748045e-02
  -2.9881589e-02
  -3.6079150e-02
  -3.5916992e-02
  -4.5636792e-02
  -3.9302062e-02
  -4.7169112e-02
  -4.3238524e-02
  -5.4018170e-02
  -3.0559932e-03
   0.0000000e+00
  -0.0000000e+00
  -0.0000000e+00
  -4.3882657e-02
  -3.8961079e-02
  -4.5487415e-02
  -5.5067658e-02
  -5.5196300e-02
   0.0000000e+00
  -0.0000000e+00
  -7.9152241e-02
  -7.1638316e-02
  -4.3867592e-02
  -4.3838628e-02
  -4.6812385e-02
  -4.9955647e-02
  -5.0938182e-02
  -5.6776964e-02
  -7.7164778e-03
   0.0000000e+00
  -0.0000000e+00
  -1.0266221e-01
  -5.7741020e-02
  -6.2436413e-02
  -6.2252278e-02
  -5.2578724e-02
  -5.8019829e-02
  -5.6612871e-02
  -5.8854945e-02
  -5.4678829e-02
  -6.0503781e-02
  -5.6572850e-02
  -6.4442363e-02
  -7.0206168e-02
  -7.4130920e-02
   3.2164939e-04
   0.0000000e+00
  -0.0000000e+00
  -0.0000000e+00
  -4.3894639e-02
  -4.8560866e-02
  -5.6183862e-02
  -6.5551039e-02
  -4.5126908e-02
   0.0000000e+00
  -0.0000000e+00
  -0.0000000e+00
  -1.6923672e-01
  -6.5209871e-02
  -6.0949537e-02
  -6.5699260e-02
  -6.6701363e-02
  -7.1346623e-02
  -5.7920292e-02
  -1.0616005e-02
   0.0000000e+00
  -0.0000000e+00
  -6.9035687e-02
  -6.2585205e-02
  -5.9734929e-02
  -6.1620623e-02
  -6.1645232e-02
  -6.9353186e-02
  -7.2109476e-02
  -7.1053833e-02
  -6.8220273e-02
  -6.8536073e-02
  -6.5458924e-02
  -7.0881307e-02
  -7.5183697e-02
  -5.9848391e-02
   0.0000000e+00
  -0.0000000e+00
  -0.0000000e+00
  -0.0000000e+00
  -6.7206196e-02
  -5.7234734e-02
  -6.0478207e-02
  -5.6644116e-02
  -2.8809160e-02
   0.0000000e+00
  -0.0000000e+00
  -0.0000000e+00
  -1.1206493e-01
  -7.1466707e-02
  -6.7428499e-02
  -7.2693065e-02
  -6.8592139e-02
  -7.1994133e-02
  -5.8582376e-02
  -1.2295085e-02
  -0.0000000e+00
  -0.0000000e+00
  -4.9562987e-02
  -6.5390425e-02
  -5.8170535e-02
  -6.1254846e-02
  -6.6895536e-02
  -7.5916194e-02
  -8.1083368e-02
  -7.8118051e-02
  -7.6061955e-02
  -7.3187469e-02
  -7.0604744e-02
  -7.4610012e-02
  -7.8066108e-02
  -5.1577548e-02
   0.0000000e+00
  -0.0000000e+00
  -0.0000000e+00
  -0.0000000e+00
  -8.0705637e-02
  -6.2257668e-02
  -6.2965005e-02
  -5.1486224e-02
  -1.9359753e-02
   0.0000000e+00
  -0.0000000e+00
  -0.0000000e+00
  -7.8957439e-02
  -7.5089963e-02
  -7.1180390e-02
  -7.6743085e-02
  -6.9687067e-02
  -7.2369090e-02
  -4.2967029e-02
  -0.0000000e+00
  -2.9434167e-02
  -3.2687757e-02
  -3.6285352e-02
  -3.0816248e-02
  -2.5725663e-02
  -3.6574118e-02
  -4.6251446e-02
  -5.0642453e-02
  -6.0383547e-02
  -6.4912595e-02
  -7.1631357e-02
  -6.9377400e-02
  -7.2464705e-02
  -6.5845631e-02
  -5.2975941e-02
  -2.1847617e-02
  -0.0000000e+00
  -0.0000000e+00
  -0.0000000e+00
  -0.0000000e+00
  -7.5041763e-02
  -6.4442247e-02
  -6.4137086e-02
  -4.9851630e-02
  -1.8090779e-02
  -0.0000000e+00
  -0.0000000e+00
  -0.0000000e+00
  -6.8244919e-02
  -5.3987902e-02
  -5.5652499e-02
  -6.1329108e-02
  -5.8669850e-02
  -5.2211985e-02
  -3.5748243e-02
  -0.0000000e+00
  -2.6986357e-02
  -2.6460718e-02
  -3.1817164e-02
  -2.5573310e-02
  -2.2756249e-02
  -3.3199754e-02
  -4.1135408e-02
  -4.4270936e-02
  -5.2628543e-02
  -5.6779329e-02
  -6.2340535e-02
  -5.9807904e-02
  -6.4322516e-02
  -5.8090109e-02
  -4.5096189e-02
  -1.9306049e-02
  -0.0000000e+00
  -0.0000000e+00
  -0.0000000e+00
  -0.0000000e+00
  -6.3501246e-02
  -5.5400275e-02
  -5.5521995e-02
  -4.4773802e-02
  -1.6111840e-02
  -0.0000000e+00
  -0.0000000e+00
  -0.0000000e+00
  -5.9988279e-02
  -4.3812800e-02
  -4.6607658e-02
  -5.1253684e-02
  -4.8939522e-02
  -4.2566817e-02
  -0.0000000e+00
  -0.0000000e+00
  -1.5126307e-02
  -1.8253054e-02
  -1.9001426e-02
  -1.4420722e-02
  -1.9071009e-02
  -2.6518728e-02
  -2.7574508e-02
  -2.7292921e-02
  -2.9905847e-02
  -3.1208757e-02
  -3.0951351e-02
  -2.7323104e-02
  -3.5639308e-02
  -3.2924199e-02
  -2.2837915e-02
  -1.6552686e-02
  -0.0000000e+00
  -0.0000000e+00
  -0.0000000e+00
  -3.8723192e-02
  -2.4544247e-02
  -2.3522972e-02
  -2.5335706e-02
  -2.7457310e-02
  -9.4924972e-03
  -0.0000000e+00
  -0.0000000e+00
  -0.0000000e+00
  -3.3478948e-02
  -1.2759957e-02
  -1.8343492e-02
  -1.9383822e-02
  -1.7369869e-02
  -1.3162766e-02
  -0.0000000e+00
  -0.0000000e+00
  -1.8443022e-02
  -2.4616407e-02
  -2.9434595e-02
  -2.7868090e-02
  -3.5596244e-02
  -4.1391924e-02
  -4.0174611e-02
  -4.0182933e-02
  -3.8317703e-02
  -3.6243532e-02
  -3.1511948e-02
  -2.3420850e-02
  -2.4686920e-02
  -2.5194954e-02
  -2.0362802e-02
  -1.5636524e-02
  -0.0000000e+00
  -0.0000000e+00
  -0.0000000e+00
  -2.9222488e-02
  -2.1571184e-02
  -1.4751714e-02
  -1.0887897e-02
  -1.2695155e-02
   1.4415958e-03
   0.0000000e+00
  -0.0000000e+00
  -0.0000000e+00
  -2.9964175e-02
  -3.8118553e-03
  -8.4572462e-03
  -5.9777228e-03
   2.9055183e-03
   2.3969070e-03
   0.0000000e+00
  -3.3113649e-02
  -2.1946568e-02
  -3.1338196e-02
  -4.0455458e-02
  -4.2072926e-02
  -5.3052321e-02
  -5.7102906e-02
  -5.3484457e-02
  -5.3799017e-02
  -4.7203392e-02
  -4.1561911e-02
  -3.2104122e-02
  -1.9298790e-02
  -1.3117598e-02
  -1.7030333e-02
  -1.7748268e-02
  -1.4668756e-02
  -0.0000000e+00
  -0.0000000e+00
  -6.0399341e-02
  -1.9186627e-02
  -1.8430653e-02
  -5.4863838e-03
   4.3737359e-03
   2.8985289e-03
   1.2991591e-02
   0.0000000e+00
   0.0000000e+00
  -0.0000000e+00
  -2.6251423e-02
   5.6402791e-03
   1.9858779e-03
   8.1835228e-03
   2.4322989e-02
   1.8833035e-02
   0.0000000e+00
  -1.3998163e-02
  -6.3910298e-02
  -4.9479004e-02
  -6.1569691e-02
  -7.0457712e-02
  -7.7248007e-02
  -8.4325626e-02
  -8.8399321e-02
  -9.0638734e-02
  -8.3053023e-02
  -7.5068593e-02
  -6.3595198e-02
  -4.8595078e-02
  -2.5565721e-02
  -2.2345606e-02
  -2.6795289e-02
  -2.7639108e-02
  -0.0000000e+00
  -0.0000000e+00
  -6.4450569e-02
  -5.1285781e-02
  -4.0471673e-02
  -1.8195882e-02
   2.1209652e-02
   0.0000000e+00
   0.0000000e+00
   0.0000000e+00
  -0.0000000e+00
  -0.0000000e+00
  -0.0000000e+00
   6.0012899e-03
   1.0621044e-02
   3.1611800e-02
   5.9446760e-02
   4.2719319e-02
   0.0000000e+00
  -7.3836064e-03
  -7.6480687e-02
  -5.5460073e-02
  -6.8559229e-02
  -7.9917118e-02
  -8.5348815e-02
  -9.3723796e-02
  -1.0044780e-01
  -1.0310480e-01
  -9.5237292e-02
  -8.6602971e-02
  -7.4586190e-02
  -5.9017379e-02
  -2.9923107e-02
  -2.3934597e-02
  -3.1353842e-02
  -3.8743950e-02
  -0.0000000e+00
  -1.7559101e-01
  -6.6280700e-02
  -6.2938906e-02
  -4.8516095e-02
  -2.3267373e-02
   2.5446976e-02
   0.0000000e+00
   0.0000000e+00
  -0.0000000e+00
  -0.0000000e+00
  -0.0000000e+00
  -0.0000000e+00
   6.1648209e-03
   1.3935419e-02
   4.1499026e-02
   7.0769265e-02
   5.0227229e-02
   0.0000000e+00
   5.5166898e-05
  -2.6768020e-02
  -5.2489190e-02
  -6.6053442e-02
  -7.8684233e-02
  -8.5565788e-02
  -1.0358117e-01
  -1.1291185e-01
  -1.0790467e-01
  -1.0171090e-01
  -9.7611071e-02
  -9.0026671e-02
  -8.0063693e-02
  -3.6458533e-02
  -1.7528779e-02
  -8.3228822e-02
  -0.0000000e+00
  -1.6630781e-01
  -6.9359367e-02
  -8.2359540e-02
  -9.3912140e-02
  -7.1231792e-02
  -5.1022704e-02
  -2.1788071e-02
  -0.0000000e+00
  -0.0000000e+00
  -0.0000000e+00
  -0.0000000e+00
   0.0000000e+00
  -0.0000000e+00
   7.6127019e-03
   2.8346065e-02
   1.1090006e-01
   5.6284157e-02
   3.3872670e-02
   0.0000000e+00
  -1.8062487e-03
  -2.7537197e-02
  -4.8505504e-02
  -5.9971180e-02
  -6.9837801e-02
  -7.9052024e-02
  -9.8219633e-02
  -1.0416494e-01
  -9.9332616e-02
  -9.4590716e-02
  -9.4346851e-02
  -8.6546205e-02
  -7.1459956e-02
  -2.8131329e-02
  -1.2712501e-02
  -0.0000000e+00
  -1.9550484e-01
  -1.3678527e-01
  -7.4910469e-02
  -8.1893988e-02
  -8.6334862e-02
  -6.8501018e-02
  -5.5163443e-02
  -3.1917855e-02
  -0.0000000e+00
  -0.0000000e+00
  -0.0000000e+00
  -0.0000000e+00
   0.0000000e+00
  -0.0000000e+00
   2.0452391e-02
   3.0446626e-02
   0.0000000e+00
   4.3770026e-02
   5.9914201e-02
   0.0000000e+00
  -5.4122505e-03
  -2.9027279e-02
  -4.0788175e-02
  -4.8188393e-02
  -5.2700157e-02
  -6.6433337e-02
  -8.7833099e-02
  -8.7220088e-02
  -8.2726492e-02
  -8.0797212e-02
  -8.8023226e-02
  -7.9803710e-02
  -5.4792489e-02
  -1.1999569e-02
  -0.0000000e+00
  -7.7858897e-02
  -5.5369292e-02
  -7.9593129e-02
  -8.5664282e-02
  -8.0992131e-02
  -7.1655883e-02
  -6.3210851e-02
  -6.3185029e-02
  -5.1541657e-02
  -0.0000000e+00
  -0.0000000e+00
  -0.0000000e+00
  -0.0000000e+00
   0.0000000e+00
  -0.0000000e+00
   4.5325906e-02
   3.4515906e-02
   0.0000000e+00
   0.0000000e+00
   0.0000000e+00
   0.0000000e+00
  -0.0000000e+00
  -3.8616702e-02
  -3.5187323e-02
  -3.1962529e-02
  -2.9923007e-02
  -4.3774743e-02
  -6.1679196e-02
  -5.9043054e-02
  -6.1908174e-02
  -6.4322978e-02
  -7.4001908e-02
  -6.0893647e-02
  -2.9991679e-02
   4.6923095e-03
   0.0000000e+00
  -3.0089714e-02
  -3.8500201e-02
  -4.3281801e-02
  -5.6094412e-02
  -5.6518346e-02
  -4.7511887e-02
  -5.2407086e-02
  -5.6818493e-02
  -5.0552350e-02
  -0.0000000e+00
  -0.0000000e+00
  -0.0000000e+00
  -0.0000000e+00
   0.0000000e+00
   0.0000000e+00
   6.1287634e-02
   6.9772795e-02
   0.0000000e+00
   0.0000000e+00
   0.0000000e+00
   0.0000000e+00
  -0.0000000e+00
  -4.1870106e-02
  -3.0382479e-02
  -2.0775568e-02
  -1.5534516e-02
  -2.8000403e-02
  -4.2739026e-02
  -3.9459299e-02
  -4.5794889e-02
  -5.0736200e-02
  -6.0694564e-02
  -4.5701399e-02
  -1.5068685e-02
   2.3586987e-02
   0.0000000e+00
  -1.1442213e-02
  -2.4947014e-02
  -1.9790567e-02
  -3.4309376e-02
  -3.6498602e-02
  -3.0050246e-02
  -4.2391680e-02
  -4.9295031e-02
  -4.5896977e-02
  -0.0000000e+00
  -0.0000000e+00
  -0.0000000e+00
  -0.0000000e+00
   0.0000000e+00
   0.0000000e+00
   0.0000000e+00
   0.0000000e+00
   0.0000000e+00
   0.0000000e+00
   0.0000000e+00
  -0.0000000e+00
  -0.0000000e+00
  -3.5865768e-02
  -1.3336321e-02
   9.2704002e-03
   1.7335851e-02
   1.5035039e-02
   1.2118051e-02
   1.3828165e-02
   5.2090446e-03
  -4.4609743e-03
  -8.9721625e-03
   4.5612947e-03
   1.5458574e-02
   1.0676186e-01
   0.0000000e+00
  -0.0000000e+00
   0.0000000e+00
   3.6525124e-02
   3.0338439e-02
   3.1082903e-02
   2.0428451e-02
  -4.2239722e-03
  -1.5329598e-02
  -1.5950178e-02
  -0.0000000e+00
  -0.0000000e+00
  -5.9238091e-02
   1.7384928e-02
   0.0000000e+00
   0.0000000e+00
   0.0000000e+00
   0.0000000e+00
   0.0000000e+00
   0.0000000e+00
   0.0000000e+00
  -0.0000000e+00
  -0.0000000e+00
  -0.0000000e+00
   2.1946076e-03
   2.6171047e-02
   3.8589917e-02
   4.9618438e-02
   5.5409759e-02
   5.8854241e-02
   5.4452848e-02
   4.6788014e-02
   4.8348367e-02
   4.9780220e-02
   3.4830209e-02
   0.0000000e+00
   0.0000000e+00
   0.0000000e+00
   0.0000000e+00
   8.3871469e-02
   5.9526667e-02
   6.4999215e-02
   5.0232321e-02
   3.2235522e-02
   1.9347351e-02
   5.6399419e-03
   1.7959054e-03
  -1.2786696e-02
  -1.8368801e-02
   1.3736991e-02
   9.5366731e-02
   0.0000000e+00
   0.0000000e+00
   0.0000000e+00
   0.0000000e+00
   0.0000000e+00
   0.0000000e+00
   0.0000000e+00
  -0.0000000e+00
   0.0000000e+00
   1.5420120e-02
   3.7347496e-02
   5.2402727e-02
   7.2091103e-02
   8.2010634e-02
   8.8858373e-02
   9.1583058e-02
   8.7456964e-02
   9.2117198e-02
   7.8600042e-02
   5.3591955e-02
   0.0000000e+00
   0.0000000e+00
   0.0000000e+00
   0.0000000e+00
   1.1599298e-01
   7.2187699e-02
   8.2098193e-02
   6.8315305e-02
   5.9736915e-02
   4.6810582e-02
   2.3686567e-02
   0.0000000e+00
   1.5438724e-02
   1.1156705e-02
   0.0000000e+00
   0.0000000e+00
   0.0000000e+00
  -0.0000000e+00
   0.0000000e+00
   0.0000000e+00
   0.0000000e+00
   0.0000000e+00
   0.0000000e+00
   0.0000000e+00
   0.0000000e+00
   2.9394873e-02
   4.1106161e-02
   5.6265995e-02
   7.8367363e-02
   8.4417852e-02
   9.9684833e-02
   1.1878886e-01
   1.2298696e-01
   1.2573875e-01
   8.4798674e-02
   7.9089328e-02
   0.0000000e+00
   0.0000000e+00
   0.0000000e+00
   0.0000000e+00
   0.0000000e+00
   5.5033357e-02
   7.0663941e-02
   6.9152949e-02
   7.9917660e-02
   7.0656117e-02
   4.1907636e-02
   8.6783618e-02
   0.0000000e+00
   0.0000000e+00
   0.0000000e+00
   0.0000000e+00
   0.0000000e+00
  -0.0000000e+00
   0.0000000e+00
   0.0000000e+00
   0.0000000e+00
   0.0000000e+00
   0.0000000e+00
   0.0000000e+00
   0.0000000e+00
   0.0000000e+00
   1.7746044e-02
   1.5195048e-02
   1.6688872e-02
   1.6743883e-02
   4.2366460e-02
   7.7156968e-02
   9.0958297e-02
   7.8427248e-02
   4.4755764e-02
   7.0593253e-02
   0.0000000e+00
   0.0000000e+00
  -0.0000000e+00
   0.0000000e+00
   0.0000000e+00
   0.0000000e+00
   2.4881987e-02
   4.0372755e-02
   5.9740484e-02
   5.0331429e-02
   4.2654112e-02
   4.9685523e-02
   0.0000000e+00
   0.0000000e+00
   0.0000000e+00
   0.0000000e+00
   0.0000000e+00
  -0.0000000e+00
   0.0000000e+00
   0.0000000e+00
   0.0000000e+00
   0.0000000e+00
   0.0000000e+00
   0.0000000e+00
   0.0000000e+00
   0.0000000e+00
  -7.5905384e-03
  -3.1385377e-02
  -4.2519853e-02
  -3.4922440e-02
   1.7407034e-03
   3.8107678e-02
   3.7414391e-02
   2.0609731e-02
   1.6839292e-02
   0.0000000e+00
   0.0000000e+00
  -0.0000000e+00
  -0.0000000e+00
  -0.0000000e+00
   0.0000000e+00
   0.0000000e+00
  -1.0622540e-02
  -1.2249577e-02
   1.7992733e-04
   5.4067085e-03
   1.6650932e-02
   0.0000000e+00
   0.0000000e+00
   0.0000000e+00
   0.0000000e+00
   0.0000000e+00
   0.0000000e+00
   0.0000000e+00
   0.0000000e+00
   0.0000000e+00
   0.0000000e+00
   0.0000000e+00
   0.0000000e+00
   0.0000000e+00
   0.0000000e+00
   0.0000000e+00
  -0.0000000e+00
  -0.0000000e+00
  -5.1109873e-02
  -3.9418191e-02
  -8.0208564e-03
   9.9497624e-03
  -1.0130125e-03
  -1.4802581e-02
  -0.0000000e+00
   0.0000000e+00
   0.0000000e+00
  -0.0000000e+00
  -0.0000000e+00
   0.0000000e+00
   0.0000000e+00
  -0.0000000e+00
  -4.3573964e-02
  -6.5148458e-02
  -7.1217179e-02
  -6.4218514e-02
  -3.3743802e-02
  -6.1333040e-04
   0.0000000e+00
   0.0000000e+00
   0.0000000e+00
  -0.0000000e+00
  -0.0000000e+00
   0.0000000e+00
   0.0000000e+00
   0.0000000e+00
   0.0000000e+00
   0.0000000e+00
   0.0000000e+00
   0.0000000e+00
   0.0000000e+00
   0.0000000e+00
  -0.0000000e+00
  -0.0000000e+00
  -0.0000000e+00
   0.0000000e+00
   0.0000000e+00
  -5.2539818e-03
  -0.0000000e+00
  -0.0000000e+00
   0.0000000e+00
   0.0000000e+00
  -0.0000000e+00
  -0.0000000e+00
  -0.0000000e+00
   0.0000000e+00
  -0.0000000e+00
  -3.6538761e-02
  -5.8324818e-02
  -0.0000000e+00
  -0.0000000e+00
  -5.8950853e-02
  -6.0891598e-02
  -3.9794352e-02
  -6.2190751e-03
   2.4083918e-02
  -0.0000000e+00
  -0.0000000e+00
  -0.0000000e+00
  -0.0000000e+00
  -0.0000000e+00
  -0.0000000e+00
   0.0000000e+00
   0.0000000e+00
  -1.6914349e-02
  -2.1622481e-02
  -2.7376933e-02
  -3.5260320e-02
  -3.7957668e-02
  -2.2984548e-02
  -1.3700737e-02
  -7.9676062e-03
  -1.6624326e-02
  -2.4365330e-02
  -5.0306909e-02
  -3.1971924e-02
  -1.2405070e-02
  -1.8903974e-02
  -2.8996460e-02
  -1.7408287e-02
  -2.1013550e-02
  -3.0389179e-02
  -3.3837818e-02
  -2.2529649e-02
   0.0000000e+00
   0.0000000e+00
   0.0000000e+00
   0.0000000e+00
   2.2069579e-03
  -2.5912844e-02
  -3.3657424e-02
  -4.3529965e-02
  -3.5780739e-02
  -2.0165855e-02
  -2.4177567e-03
  -6.5639913e-03
  -1.1015874e-02
  -1.0504738e-02
  -1.3916777e-02
  -1.8663982e-02
