   2.6597910e+00
   3.9024556e+00
   4.9782262e+00
   5.7174568e+00
   6.3491225e+00
   6.9827328e+00
   7.3322377e+00
   6.9447708e+00
   5.5827756e+00
   4.4689612e+00
   3.1053710e+00
   1.6358216e+00
   8.6985785e-01
   6.8116754e-01
   1.0113965e+00
   1.7465094e+00
   2.5453811e+00
   3.2176602e+00
   3.6878006e+00
   3.8811088e+00
   3.3493042e+00
   2.0036595e+00
   1.1755013e-01
  -2.2194734e+00
  -3.9394548e+00
  -4.3224030e+00
  -3.6112227e+00
  -2.1968141e+00
  -3.3482820e-01
   1.6039815e+00
   3.3876078e+00
   4.6078939e+00
   4.7812815e+00
   3.7873168e+00
   2.5891662e+00
   2.1038973e+00
   2.8170750e+00
   4.0818000e+00
   3.3303688e+00
   1.5671117e+00
   5.1240242e-01
   6.9393462e-01
   1.0925049e+00
   1.0205035e+00
   1.0206484e+00
   1.3979269e+00
   1.6839943e+00
   1.8739855e+00
   2.1673269e+00
   2.2817016e+00
   2.0782399e+00
   1.8787600e+00
   1.6001561e+00
   8.7057716e-01
   1.7466550e-01
   3.2783476e-01
   1.0657881e+00
   1.5062293e+00
   1.3551301e+00
   8.6115873e-01
   7.4054426e-01
   1.3210784e+00
   2.1307125e+00
   2.5747323e+00
   2.8528659e+00
   3.2523069e+00
   4.2741175e+00
   5.7724738e+00
   6.3699098e+00
   4.7395287e+00
   2.4060779e+00
   1.6200750e+00
   9.2845237e-01
   1.3861506e+00
   3.0417052e-01
  -9.3768609e-01
  -1.0278331e+00
  -6.0618222e-02
   6.0761636e-01
   6.8953472e-01
   1.0869502e+00
   1.7826152e+00
   1.8071523e+00
   1.4435986e+00
   1.4017363e+00
   1.2832624e+00
   5.3818476e-01
  -4.9961330e-03
  -1.1215390e-01
  -7.1640545e-01
  -1.1354294e+00
  -3.6411464e-01
   4.1152203e-01
   9.1208810e-01
   1.6714681e+00
   2.2371712e+00
   1.8131508e+00
   8.1832367e-01
   1.7308702e-01
   8.1425488e-02
   1.5671436e-01
   1.3418855e-01
   6.3210583e-01
   1.9031855e+00
   3.0018220e+00
   2.3808215e+00
   6.7091155e-01
   3.4677759e-02
  -1.2501841e+00
  -1.2638477e+00
  -1.7168516e+00
  -1.8602251e+00
  -1.5870850e+00
  -1.0370426e+00
  -5.2011323e-01
  -1.7722452e-01
   9.5005602e-02
   3.0404270e-02
  -4.2591164e-01
  -3.6449873e-01
   3.3643642e-01
   8.8070792e-01
   1.7083730e-01
  -7.5459349e-01
  -9.6471256e-01
  -1.8872459e+00
  -2.3429937e+00
  -8.5926366e-01
   9.6646003e-02
   5.4464060e-01
   1.4931769e+00
   1.7917072e+00
   6.1467081e-01
  -9.0637451e-01
  -1.4371411e+00
  -1.0756004e+00
  -9.8319173e-01
  -9.2874038e-01
  -4.9745613e-01
  -1.3372706e-01
  -8.8203907e-02
  -4.8672789e-01
  -1.3553827e+00
  -1.6829855e+00
  -2.1490164e+00
  -2.2132804e+00
  -2.1181920e+00
  -1.9750828e+00
  -1.6059606e+00
  -1.0338795e+00
  -5.5259043e-01
  -2.8356305e-01
  -6.4102292e-01
  -1.5628688e+00
  -2.0288882e+00
  -1.2380672e+00
  -3.9717901e-01
   8.7424271e-02
  -7.1360832e-01
  -1.8465214e+00
  -1.8937237e+00
  -2.7386310e+00
  -3.1014295e+00
  -1.3071685e+00
  -2.7555600e-01
   2.4736354e-01
   8.0403650e-01
  -8.8038228e-02
  -1.6085562e+00
  -2.4986918e+00
  -2.4833498e+00
  -1.9622178e+00
  -1.8781251e+00
  -1.3096102e+00
  -3.7585658e-01
  -3.4375015e-01
  -1.2040806e+00
  -1.7870798e+00
  -2.1899095e+00
  -2.3023126e+00
  -2.2819605e+00
  -2.0147913e+00
  -1.5815284e+00
  -1.6153685e+00
  -1.1063187e+00
  -2.5545254e-01
  -1.8529013e-01
  -4.8777303e-01
  -1.2256025e+00
  -2.0053861e+00
  -2.2649674e+00
  -1.3936875e+00
  -9.8248011e-01
  -9.1462731e-01
  -1.6375901e+00
  -2.5644267e+00
  -2.2642083e+00
  -2.5390449e+00
  -2.3287535e+00
  -7.9913914e-01
  -2.4783592e-01
  -1.5250625e-01
  -1.1724891e-01
  -1.5063927e+00
  -2.6798904e+00
  -3.1455200e+00
  -3.0763209e+00
  -2.3515849e+00
  -1.9228138e+00
  -1.2010826e+00
  -5.4989564e-01
  -6.9446456e-01
  -1.5993721e+00
  -2.1258683e+00
  -2.3400402e+00
  -2.3708665e+00
  -1.8642702e+00
  -1.0922146e+00
  -5.4826963e-01
  -7.7279937e-01
  -3.6671737e-01
   2.5849336e-01
  -1.7201427e-01
  -8.8812256e-01
  -1.7227778e+00
  -2.0170898e+00
  -2.1285193e+00
  -1.4310868e+00
  -1.3469195e+00
  -1.4995284e+00
  -1.9818608e+00
  -2.5652375e+00
  -2.0110703e+00
  -1.6552749e+00
  -8.5858065e-01
  -7.0141010e-02
  -9.4345167e-02
  -6.1639941e-01
  -9.4103318e-01
  -2.0500481e+00
  -2.6819251e+00
  -2.9287105e+00
  -2.6708517e+00
  -1.6131061e+00
  -1.1626712e+00
  -8.4430128e-01
  -9.4419718e-01
  -1.1491711e+00
  -1.7069937e+00
  -2.0419381e+00
  -2.1267672e+00
  -2.1168668e+00
  -7.6278103e-01
   7.1939192e-01
   1.1333809e+00
   8.2531331e-01
   6.8137863e-01
   1.5445825e-01
  -7.8810048e-01
  -1.5099982e+00
  -2.2150933e+00
  -1.9457939e+00
  -2.0434954e+00
  -1.5778004e+00
  -1.5038114e+00
  -1.5145981e+00
  -1.5655996e+00
  -1.7220450e+00
  -1.0635924e+00
  -4.9622951e-02
   1.2432549e+00
   6.4351121e-01
   6.2442158e-02
  -1.2192435e+00
  -1.7137153e+00
  -1.7301276e+00
  -1.7396251e+00
  -1.8146103e+00
  -7.9829037e-01
   8.0952431e-01
   5.5290589e-01
  -2.6344099e-01
  -1.5133636e+00
  -1.6130325e+00
  -1.5731993e+00
  -1.6263876e+00
  -1.5293972e+00
  -1.4735881e+00
   1.8123581e+00
   3.7544301e+00
   2.4271793e+00
   2.1438925e+00
   1.0898452e+00
  -9.2631888e-01
  -9.7197211e-01
  -5.9976548e-01
  -1.1763606e+00
  -1.4387589e+00
  -1.5277897e+00
  -1.0401387e+00
  -9.7872943e-01
  -7.4499238e-01
  -4.5014063e-01
  -6.4836931e-01
   6.6749156e-02
   2.3128047e+00
   3.4139028e+00
   3.2654583e-01
   1.0980024e-01
  -1.2759233e+00
  -1.5002948e+00
  -5.2270406e-01
  -8.2730758e-01
  -2.4781130e-01
   2.9621823e+00
   4.1199279e+00
   5.9489757e-01
  -7.5211626e-01
  -1.4852884e+00
  -4.5334271e-01
  -1.7766599e-01
  -3.8355666e-01
  -1.2415424e-01
   6.0879048e-02
   3.1174655e+00
   4.8538666e+00
   2.1132967e+00
   1.8050810e+00
   7.6498115e-01
  -1.1163402e+00
  -4.0164801e-01
   1.5192367e-01
  -3.5136792e-01
  -9.2533886e-01
  -8.0207968e-01
  -4.1558900e-01
  -5.0710654e-01
  -1.5072595e-01
   2.3118657e-01
  -9.4292037e-02
   6.0231179e-01
   3.4859107e+00
   4.1328921e+00
  -1.3276586e-01
   7.7355243e-03
  -1.1720818e+00
  -1.0352875e+00
   7.5027801e-02
  -3.0357483e-01
   6.5180457e-01
   4.7009821e+00
   4.8177156e+00
  -2.6167354e-01
  -9.6832061e-01
  -1.1219879e+00
   3.8057315e-01
   5.6077361e-01
   2.5173277e-01
   5.5240977e-01
   8.9911747e-01
   4.6945787e+00
   5.9044729e+00
   1.1197136e+00
   7.5762318e-01
   3.5439907e-02
  -1.1193278e+00
   7.0790692e-01
   1.2442425e+00
   8.3471340e-01
  -1.4244145e-01
   3.6906406e-01
   5.6217163e-01
   1.9300779e-01
   6.9677968e-01
   1.1280055e+00
   5.8155334e-01
   1.2258591e+00
   4.8881816e+00
   4.7602741e+00
  -8.7702710e-01
  -1.9547002e-01
  -9.6261079e-01
  -2.4728811e-01
   7.8833848e-01
   3.6818736e-01
   1.8057834e+00
   6.6963443e+00
   5.0400842e+00
  -1.8529286e+00
  -1.2096530e+00
  -4.6181672e-01
   1.5442527e+00
   1.4728629e+00
   1.0228542e+00
   1.3474088e+00
   1.9504225e+00
   5.6330662e+00
   5.2235966e+00
  -3.5623312e-01
  -6.8726635e-01
  -2.0366013e-01
   5.5202425e-01
   2.5359380e+00
   1.7092366e+00
   1.5101168e+00
   7.7234602e-01
   1.7194974e+00
   1.5546273e+00
   1.4551471e+00
   2.0671968e+00
   2.1249628e+00
   1.6850172e+00
   2.4238620e+00
   5.6070757e+00
   3.8539443e+00
  -1.8502481e+00
  -5.8149827e-01
  -9.0800953e-01
   7.6838046e-01
   1.3270767e+00
   1.7762699e+00
   3.6102517e+00
   7.4045968e+00
   3.2265496e+00
  -2.1923292e+00
   1.0476255e-01
   8.4933805e-01
   2.6585886e+00
   2.1179395e+00
   2.0970871e+00
   2.4862037e+00
   3.7111826e+00
   5.9144635e+00
   4.8652077e+00
  -6.6568249e-01
  -9.7155565e-01
  -3.7196804e-02
   1.3128775e+00
   3.1689622e+00
   1.8893340e+00
   1.8078128e+00
   1.2258167e+00
   2.3282080e+00
   2.0450485e+00
   2.1592963e+00
   2.7139714e+00
   2.6016481e+00
   2.3066506e+00
   3.1349931e+00
   5.9510407e+00
   3.2441812e+00
  -2.1555531e+00
  -6.3344508e-01
  -7.4536937e-01
   1.3148597e+00
   1.6682754e+00
   2.4553866e+00
   4.3642573e+00
   7.4900908e+00
   2.4248538e+00
  -2.1025772e+00
   6.4833182e-01
   1.4653198e+00
   3.2049472e+00
   2.4613130e+00
   2.6978486e+00
   3.1369486e+00
   4.5199428e+00
   5.9644089e+00
   3.8259572e+00
   1.2134209e-01
  -7.9816971e-02
   1.4988425e+00
   3.0907842e+00
   3.8184015e+00
   2.1785831e+00
   2.4627428e+00
   2.4397363e+00
   3.7253885e+00
   3.3519504e+00
   4.3445972e+00
   4.3207849e+00
   3.8106862e+00
   4.2562982e+00
   5.4873512e+00
   6.8243746e+00
   9.9782495e-01
  -2.2950965e+00
  -2.3908459e-01
   2.0874609e-01
   2.9422895e+00
   2.8653249e+00
   4.2010888e+00
   5.8451491e+00
   6.7027353e+00
   6.5102001e-01
  -8.7516556e-01
   1.6902045e+00
   2.9842875e+00
   4.6444497e+00
   3.4708126e+00
   4.5672057e+00
   5.2089038e+00
   6.4398139e+00
   5.0046153e+00
   3.2975264e+00
   7.2879994e-01
   3.7365842e-01
   1.7135633e+00
   2.7506046e+00
   2.8724840e+00
   1.9267381e+00
   2.4375858e+00
   2.6226542e+00
   3.9467926e+00
   3.7255919e+00
   4.7640476e+00
   4.6395035e+00
   4.4582539e+00
   4.9149232e+00
   6.0313931e+00
   6.1001329e+00
   3.0925122e-01
  -1.6244526e+00
   2.3076604e-01
   1.0883392e+00
   3.6748247e+00
   3.5954289e+00
   4.6684313e+00
   5.7783604e+00
   5.9480963e+00
   4.9773675e-01
  -2.4951006e-01
   1.5595480e+00
   3.2842085e+00
   4.5788088e+00
   3.6516898e+00
   5.0228438e+00
   5.4796915e+00
   6.1318207e+00
   3.8047778e+00
   2.6369353e+00
   1.4881829e+00
   9.4054776e-01
   1.9819859e+00
   2.3253458e+00
   1.6899928e+00
   1.6119068e+00
   2.4061368e+00
   2.8513201e+00
   4.2235697e+00
   4.1926801e+00
   5.2884013e+00
   5.0379336e+00
   5.2677781e+00
   5.7382701e+00
   6.7115004e+00
   5.1947598e+00
  -5.5153468e-01
  -7.8608083e-01
   8.1812619e-01
   2.1879184e+00
   4.5905670e+00
   4.5081315e+00
   5.2526554e+00
   5.6948685e+00
   5.0047210e+00
   3.0611740e-01
   5.3262168e-01
   1.3962142e+00
   3.6591397e+00
   4.4967516e+00
   3.8778048e+00
   5.5924365e+00
   5.8182027e+00
   5.7467984e+00
   1.4067935e+00
   1.2756163e+00
   6.4122564e-01
  -2.5363156e-01
  -3.4025490e-02
   1.5144543e-01
  -8.8415837e-01
  -5.2394694e-01
   2.1589246e-01
   6.6095716e-01
   1.7722052e+00
   2.1144927e+00
   2.9918110e+00
   3.4331629e+00
   4.8686686e+00
   4.7513757e+00
   4.6504111e+00
   2.4016526e+00
  -6.6337836e-01
  -1.0082819e-01
   1.6597433e-01
   1.8742750e+00
   3.4810774e+00
   3.7501149e+00
   4.8263373e+00
   5.2027059e+00
   4.2404928e+00
   1.3452775e+00
   2.1429434e+00
   2.4470057e+00
   3.9849432e+00
   2.8918626e+00
   3.2856276e+00
   3.8005855e+00
   3.6003404e+00
   2.9748824e+00
   4.8994673e-01
   7.5512877e-01
   3.1739945e-01
  -7.1021493e-01
  -8.0482869e-01
  -6.7972490e-01
  -1.8683609e+00
  -1.3405706e+00
  -6.2152691e-01
  -1.7650748e-01
   8.3494900e-01
   1.3199172e+00
   2.1137310e+00
   2.8195942e+00
   4.7160723e+00
   4.3740458e+00
   3.8623734e+00
   1.3337342e+00
  -7.0614068e-01
   1.6117174e-01
  -8.3369818e-02
   1.7543566e+00
   3.0568745e+00
   3.4602947e+00
   4.6633386e+00
   5.0145321e+00
   3.9482973e+00
   1.7425908e+00
   2.7586346e+00
   2.8487662e+00
   4.1095107e+00
   2.2782484e+00
   3.0592138e+00
   3.1154882e+00
   2.7523615e+00
   1.9150662e+00
  -3.5394412e-01
  -2.5146559e-02
  -1.2915537e+00
  -2.2294588e+00
  -3.3395538e+00
  -3.0970924e+00
  -4.1190686e+00
  -4.3294072e+00
  -4.2724800e+00
  -4.5231590e+00
  -4.6616192e+00
  -4.0780787e+00
  -3.4704967e+00
  -2.0995800e+00
   4.4441974e-01
   1.2173024e+00
  -4.0288478e-02
  -1.8911811e+00
  -1.2457662e+00
  -1.5039210e+00
  -3.0399837e+00
  -1.9889352e+00
  -1.7279663e+00
  -9.7842896e-01
   2.3668919e+00
   4.2144685e+00
   2.9565902e+00
   1.7080345e+00
   2.4838548e+00
   3.8643088e+00
   5.0133538e+00
   1.1601433e+00
   1.3543614e+00
   7.6299071e-02
   1.1467481e+00
   5.7084054e-01
  -5.2535422e-02
   3.8819006e-01
  -1.0942503e+00
  -2.0400679e+00
  -3.2529521e+00
  -3.2701695e+00
  -4.2189665e+00
  -4.5123348e+00
  -4.6048489e+00
  -4.9599366e+00
  -5.3137794e+00
  -4.8662863e+00
  -4.3947616e+00
  -3.2140412e+00
  -9.6942681e-01
   6.6277170e-01
  -5.2643275e-01
  -2.2749739e+00
  -1.6210392e+00
  -2.0023725e+00
  -3.5121319e+00
  -2.9481750e+00
  -2.7925282e+00
  -2.1697600e+00
   1.3630387e+00
   3.4955473e+00
   2.2112317e+00
   8.2268208e-01
   1.0570378e+00
   2.8244200e+00
   4.7860427e+00
   1.2189089e+00
   9.0551722e-01
  -1.9039890e-01
   1.5837744e+00
   9.2759681e-01
   8.9025081e-01
   1.6653170e+00
  -4.3292360e-01
  -1.4063162e+00
  -2.8862259e+00
  -3.6902105e+00
  -4.4256436e+00
  -4.9381399e+00
  -5.4529203e+00
  -6.0932800e+00
  -7.0475342e+00
  -7.0137842e+00
  -6.9441220e+00
  -6.3638651e+00
  -5.0477349e+00
  -8.7486301e-01
  -1.8269771e+00
  -3.2956873e+00
  -2.7283751e+00
  -3.4335262e+00
  -4.8100918e+00
  -5.6798115e+00
  -5.7977284e+00
  -5.5711170e+00
  -1.5634180e+00
   1.3644209e+00
   8.5181040e-03
  -1.8415549e+00
  -3.2274339e+00
  -3.4901178e-01
   4.0638486e+00
   1.4425936e+00
  -3.7461316e-01
  -8.6632112e-01
   2.9667363e+00
   2.0579472e+00
   1.3867671e+00
   2.7442105e+00
   7.9286778e-01
  -5.2713287e-01
  -1.9268345e+00
  -3.1426611e+00
  -3.7718372e+00
  -4.3253140e+00
  -5.0720196e+00
  -5.3815188e+00
  -6.1284461e+00
  -6.3918991e+00
  -6.5295706e+00
  -6.7668142e+00
  -6.4155569e+00
  -8.9016211e-01
  -1.5590556e+00
  -3.3703442e+00
  -3.0466423e+00
  -3.0776057e+00
  -4.3449559e+00
  -5.9486141e+00
  -6.0842371e+00
  -6.5409555e+00
  -3.4297500e+00
  -5.1039958e-01
  -1.5419644e+00
  -3.1600764e+00
  -5.4476480e+00
  -3.1041284e+00
   2.2033212e+00
   1.1252317e+00
  -7.5430936e-01
  -6.7619616e-01
   3.6941910e+00
   2.5296979e+00
   1.8294044e+00
   3.7060290e+00
   1.8856435e+00
   2.5664655e-01
  -1.0715504e+00
  -2.6545284e+00
  -3.1889786e+00
  -3.7789881e+00
  -4.7324529e+00
  -4.7469927e+00
  -5.3090925e+00
  -5.8374960e+00
  -6.1600031e+00
  -7.1260383e+00
  -7.6349520e+00
  -9.0380098e-01
  -1.3202074e+00
  -3.4368994e+00
  -3.3303729e+00
  -2.7603073e+00
  -3.9302941e+00
  -6.1882476e+00
  -6.3396560e+00
  -7.4055532e+00
  -5.0935581e+00
  -2.1817757e+00
  -2.9241976e+00
  -4.3355197e+00
  -7.4269374e+00
  -5.5602749e+00
   5.4468740e-01
   8.4230806e-01
  -1.0928032e+00
  -5.0670243e-01
   4.3427068e+00
   2.9502570e+00
   2.5777984e+00
   3.2840745e+00
   2.4501209e+00
   1.0611913e+00
  -7.5531006e-03
  -1.1287699e+00
  -1.2639431e+00
  -2.1598940e+00
  -3.3667417e+00
  -3.1216953e+00
  -3.4154682e+00
  -3.9281175e+00
  -4.5972137e+00
  -5.9814119e+00
  -7.1946230e+00
  -7.1751624e-02
   4.9000558e-01
  -1.9030147e+00
  -1.7643514e+00
  -1.2584783e+00
  -2.8996935e+00
  -4.3987713e+00
  -4.8654523e+00
  -6.9492669e+00
  -5.8466406e+00
  -2.6305068e+00
  -2.7269936e+00
  -3.1445718e+00
  -5.7561793e+00
  -5.7461534e+00
  -1.8600124e+00
  -1.9914262e-01
  -3.4009659e-01
  -6.0135669e-01
   2.9479189e+00
   2.9666352e+00
   2.8185780e+00
   2.6657705e+00
   2.1966429e+00
   1.1959369e+00
   2.9313841e-01
  -5.9772104e-01
  -5.8987463e-01
  -1.4653273e+00
  -2.7009416e+00
  -2.5067682e+00
  -2.7864933e+00
  -3.2349622e+00
  -4.1532998e+00
  -5.6563892e+00
  -6.7063813e+00
   3.4187546e-01
   1.3555970e+00
  -9.4483662e-01
  -9.5864016e-01
  -6.8464702e-01
  -2.4196403e+00
  -3.5421541e+00
  -4.1838450e+00
  -6.5210857e+00
  -5.7597442e+00
  -2.3951347e+00
  -2.3203468e+00
  -2.6468012e+00
  -5.0268002e+00
  -5.3839087e+00
  -2.3729937e+00
  -5.3201210e-01
  -1.0074587e-01
  -5.7469511e-01
   2.3317757e+00
   2.9389691e+00
   3.2124451e+00
   5.1830284e-01
   7.5769473e-01
   1.1241910e+00
   6.8700813e-01
   3.6553427e-01
   6.4161177e-01
   7.9678289e-02
  -1.0787951e+00
  -1.2842276e+00
  -1.7111415e+00
  -1.9154579e+00
  -3.5657663e+00
  -5.2265070e+00
  -5.0917898e+00
   1.3620503e+00
   3.4382434e+00
   1.7165348e+00
   1.0700392e+00
   4.6743828e-01
  -1.2848114e+00
  -1.4796121e+00
  -2.5808025e+00
  -5.1582260e+00
  -4.8426080e+00
  -1.1161013e+00
  -8.4717140e-01
  -1.5627306e+00
  -3.3820232e+00
  -3.7977403e+00
  -2.5984195e+00
  -1.0713512e+00
   2.8415243e-01
  -3.9661936e-01
   9.2978594e-01
   2.8161752e+00
   2.1779122e+00
  -6.1656713e-01
  -3.5821608e-01
   4.2271110e-01
   5.4750705e-01
   5.9240890e-01
   9.6362782e-01
   7.5899780e-01
  -2.3134801e-01
  -6.6820133e-01
  -9.9426484e-01
  -1.1050409e+00
  -3.4556189e+00
  -5.0990853e+00
  -3.4615898e+00
   1.6850319e+00
   3.6714361e+00
   2.6741109e+00
   1.9222749e+00
   1.5823101e+00
  -2.0438127e-02
  -4.1704899e-01
  -1.5618083e+00
  -3.7980559e+00
  -4.1187425e+00
  -8.8180268e-01
  -3.0053431e-01
  -1.6289999e+00
  -3.7037568e+00
  -3.1850998e+00
  -1.8990661e+00
  -1.4958202e+00
  -6.3351738e-01
   6.1156058e-01
   1.2266556e+00
   1.7873440e+00
   1.2283705e+00
  -1.2629508e+00
  -9.9527067e-01
  -1.1275557e-01
   3.9618206e-01
   7.7361935e-01
   1.2685465e+00
   1.2766986e+00
   3.7085223e-01
  -1.5992507e-01
  -4.0134069e-01
  -4.8592916e-01
  -3.2062151e+00
  -4.7666459e+00
  -2.1904590e+00
   1.7632039e+00
   3.5358188e+00
   3.0746744e+00
   2.3692279e+00
   2.4024808e+00
   9.8113680e-01
   3.7354308e-01
  -7.7957654e-01
  -2.7289474e+00
  -3.5066979e+00
  -7.5820851e-01
   9.9038884e-02
  -1.5204246e+00
  -3.7593229e+00
  -2.6604543e+00
  -1.3624444e+00
  -1.8150283e+00
  -1.3592050e+00
   1.3518726e+00
   1.4850216e+00
   8.8930565e-01
  -1.0421205e+00
  -9.9832645e-01
  -7.4531084e-01
  -8.9674574e-01
  -7.2298834e-02
   1.0831456e+00
   2.0405086e+00
   2.0299979e+00
   1.0064505e+00
   7.9373596e-01
   7.1846660e-01
   4.2322286e-01
  -1.9306279e+00
  -2.9848229e+00
  -1.8212506e-01
   9.5043976e-01
   1.6101623e+00
   1.8417014e+00
   1.9024552e+00
   3.4334044e+00
   2.6481861e+00
   1.4181586e+00
   3.8990914e-01
  -9.9381021e-01
  -2.2829812e+00
  -8.8153762e-01
   5.8661328e-01
  -4.8496509e-01
  -2.7942157e+00
  -1.5784478e+00
  -5.6146396e-01
  -2.2559257e+00
  -2.5604498e+00
   2.2745902e+00
   2.0381689e+00
  -1.0461251e+00
  -1.7910838e+00
  -7.9730856e-01
  -2.0523979e-01
  -1.0170100e+00
  -5.6089878e-01
   7.9916686e-01
   2.2529132e+00
   2.1934552e+00
   9.3158615e-01
   1.1268586e+00
   1.6413448e+00
   1.3888102e+00
   4.6699837e-02
  -5.1056325e-01
   6.7652333e-01
  -5.1846970e-03
   1.7755291e-01
   3.6488366e-01
   3.7550658e-01
   2.3301125e+00
   2.4776573e+00
   2.0161324e+00
   1.3376033e+00
   1.1307362e-01
  -5.6719238e-01
   7.2181951e-03
   1.0667642e+00
   4.6938485e-01
  -1.2848724e+00
  -8.7124473e-01
  -6.2557763e-01
  -1.8683082e+00
  -2.1859396e+00
   1.1941651e+00
   1.0775713e+00
  -1.4459131e+00
  -1.8227285e+00
  -1.0507933e+00
  -1.9096690e-01
  -1.0883889e+00
  -1.0760788e+00
   7.1807876e-02
   1.6581024e+00
   1.5739774e+00
   2.6736641e-01
   7.6232493e-01
   1.7545213e+00
   1.7837048e+00
   1.4854008e+00
   1.3976279e+00
   1.2412194e+00
  -5.8038092e-01
  -8.4052026e-01
  -9.4854939e-01
  -1.1830028e+00
   5.7907164e-01
   1.5820686e+00
   2.1887977e+00
   1.8663478e+00
   8.2626224e-01
   7.6236361e-01
   8.3349282e-01
   1.2175956e+00
   7.7322066e-01
  -4.7299963e-01
  -5.9827811e-01
  -7.6681167e-01
  -1.0962151e+00
  -1.3436933e+00
   1.6466002e-01
   3.2447863e-01
  -1.0080851e+00
  -1.2040106e+00
  -1.5083179e+00
  -5.3058350e-01
  -1.0819684e+00
  -1.5310370e+00
  -9.5396268e-01
   3.1226853e-01
   1.1183369e-01
  -1.1796925e+00
  -5.7002330e-01
   9.5123518e-01
   1.6647525e+00
   2.4433682e+00
   2.8022401e+00
   1.6447815e+00
  -7.4299371e-01
  -1.5334120e+00
  -2.1142943e+00
  -2.6008053e+00
  -1.5146518e+00
  -6.2168278e-03
   1.5775547e+00
   1.6206837e+00
   9.1858321e-01
   1.4614640e+00
   1.3254660e+00
   1.0006977e+00
   5.8011985e-01
  -9.5686778e-02
  -4.5003402e-01
  -7.6734102e-01
  -1.6385888e-01
  -2.0070064e-01
  -4.8691323e-01
   8.6621575e-02
   1.9912994e-01
  -3.1359178e-01
  -1.3157504e+00
  -6.3273686e-01
  -8.3296657e-01
  -1.3699403e+00
  -1.3176050e+00
  -9.4635665e-01
  -1.6670998e+00
  -3.1854765e+00
  -2.8834009e+00
  -6.4525396e-01
   1.2426910e+00
   2.5467496e+00
   3.0150473e+00
   1.9146341e+00
  -1.9298387e-01
  -1.5685248e+00
  -2.4511464e+00
  -2.6982517e+00
  -2.2510598e+00
  -1.5167528e+00
  -4.6504748e-01
  -2.2901511e-01
  -3.3502388e-01
   3.1047231e-01
   3.9266765e-01
   2.6305202e-01
   2.0293018e-01
   1.8765670e-01
   1.9354846e-01
  -1.4761540e-01
  -2.2919964e-02
   2.3983783e-01
   1.8551458e-01
   1.0617979e+00
   1.3812929e+00
  -2.2159490e-01
  -4.6242493e-01
  -1.2482036e-01
  -2.6650989e-01
  -3.9144227e-01
  -1.9178578e-01
  -5.2850300e-01
  -2.1462083e+00
  -3.9215248e+00
  -3.7700498e+00
  -1.0193385e+00
   1.4845496e+00
   2.4533234e+00
   2.3765535e+00
   1.7947816e+00
   6.8378413e-01
  -7.2991580e-01
  -1.7872006e+00
  -1.8560526e+00
  -1.6099361e+00
  -1.6434089e+00
  -1.6573311e+00
  -1.6868144e+00
  -1.9097797e+00
  -1.9811157e+00
  -1.6980470e+00
  -1.0371581e+00
  -3.3668399e-01
   2.7397284e-01
   6.6841125e-01
   1.1294082e-01
  -6.7398310e-01
  -7.2793400e-01
   4.2309035e-03
   7.5966483e-01
   6.6554379e-01
  -6.4808750e-01
  -4.9587351e-01
  -4.2822713e-01
  -3.6399177e-01
   6.1373055e-02
   4.9686873e-01
  -2.2351211e-01
  -2.1154511e+00
  -3.7012877e+00
  -3.5081522e+00
  -1.2589746e+00
   8.1128502e-01
   1.5175238e+00
   1.4680793e+00
   1.4288435e+00
   1.0701885e+00
  -5.3174689e-02
  -1.1676011e+00
  -1.4516054e+00
  -7.8540838e-01
   1.7793490e-01
   4.3752062e-01
  -5.1497591e-01
  -2.2702112e+00
  -3.0651474e+00
  -2.6842215e+00
  -2.3533103e+00
  -1.4989426e+00
  -5.8685911e-01
  -1.7709966e-01
  -5.4398340e-01
  -1.3567612e+00
  -1.6876869e+00
  -1.1686286e+00
  -7.2465068e-01
  -6.2316906e-01
   1.6142774e-01
   1.4783654e-01
   2.0802286e-01
   3.6189746e-01
   5.8426314e-01
   6.6708265e-01
   2.1734293e-01
  -6.3068109e-01
  -1.3770291e+00
  -1.6250047e+00
  -1.2163129e+00
  -4.6519570e-01
   2.5362207e-01
   8.4017432e-01
   1.2615101e+00
   1.3544843e+00
   1.1166888e+00
   8.5089085e-01
   8.8196555e-01
   1.4399792e+00
   1.9925978e+00
   1.7997790e+00
   6.3823534e-01
  -1.1489320e+00
  -2.6540394e+00
  -2.9611607e+00
  -2.4595935e+00
  -1.8943090e+00
  -1.3383449e+00
  -1.0137100e+00
  -9.4710857e-01
  -9.7288878e-01
  -8.4883799e-01
  -4.9680129e-01
  -1.3121549e-01
   9.9916595e-02
